Date,Age,Pop,Male,Female
1-Apr-90,All Age,247150736,119817710,127333026
1-Apr-90,0,3947313,2019081,1928232
1-Apr-90,1,3769554,1928747,1840807
1-Apr-90,2,3702679,1894973,1807706
1-Apr-90,3,3641649,1863343,1778306
1-Apr-90,4,3703886,1896723,1807163
1-Apr-90,5,3635463,1860600,1774863
1-Apr-90,6,3580577,1832744,1747833
1-Apr-90,7,3647972,1865809,1782163
1-Apr-90,8,3473320,1777574,1695746
1-Apr-90,9,3704888,1899040,1805848
1-Apr-90,10,3641128,1867449,1773679
1-Apr-90,11,3438903,1761228,1677675
1-Apr-90,12,3393344,1736204,1657140
1-Apr-90,13,3323778,1700594,1623184
1-Apr-90,14,3270109,1676810,1593299
1-Apr-90,15,3322354,1706204,1616150
1-Apr-90,16,3284318,1689792,1594526
1-Apr-90,17,3466649,1785634,1681015
1-Apr-90,18,3615588,1833356,1782232
1-Apr-90,19,4046794,2024102,2022692
1-Apr-90,20,3880608,1935034,1945574
1-Apr-90,21,3706504,1848504,1858000
1-Apr-90,22,3562771,1777118,1785653
1-Apr-90,23,3634095,1809540,1824555
1-Apr-90,24,3829705,1907367,1922338
1-Apr-90,25,4023509,1996340,2027169
1-Apr-90,26,4124882,2040821,2084061
1-Apr-90,27,4208389,2083540,2124849
1-Apr-90,28,4071333,2010809,2060524
1-Apr-90,29,4525939,2239866,2286073
1-Apr-90,30,4410195,2176884,2233311
1-Apr-90,31,4297745,2117385,2180360
1-Apr-90,32,4336307,2137235,2199072
1-Apr-90,33,4234431,2080867,2153564
1-Apr-90,34,4303740,2126195,2177545
1-Apr-90,35,4195281,2068320,2126961
1-Apr-90,36,3994187,1961051,2033136
1-Apr-90,37,3951838,1939600,2012238
1-Apr-90,38,3654319,1791428,1862891
1-Apr-90,39,3872229,1909151,1963078
1-Apr-90,40,3724580,1828558,1896022
1-Apr-90,41,3606064,1766054,1840010
1-Apr-90,42,3677304,1804449,1872855
1-Apr-90,43,3626142,1778601,1847541
1-Apr-90,44,2862336,1409531,1452805
1-Apr-90,45,2878765,1412778,1465987
1-Apr-90,46,2862341,1401679,1460662
1-Apr-90,47,2931584,1434361,1497223
1-Apr-90,48,2484431,1210276,1274155
1-Apr-90,49,2562004,1255166,1306838
1-Apr-90,50,2400997,1170878,1230119
1-Apr-90,51,2315471,1126841,1188630
1-Apr-90,52,2244526,1089742,1154784
1-Apr-90,53,2153483,1041793,1111690
1-Apr-90,54,2194629,1059343,1135286
1-Apr-90,55,2158147,1038232,1119915
1-Apr-90,56,2036061,976185,1059876
1-Apr-90,57,2092153,998044,1094109
1-Apr-90,58,2008575,954371,1054204
1-Apr-90,59,2193030,1041522,1151508
1-Apr-90,60,2145541,1011584,1133957
1-Apr-90,61,2104731,987121,1117610
1-Apr-90,62,2150802,1003629,1147173
1-Apr-90,63,2100082,972774,1127308
1-Apr-90,64,2125234,972153,1153081
1-Apr-90,65,2123213,962922,1160291
1-Apr-90,66,2050096,925178,1124918
1-Apr-90,67,1999525,896119,1103406
1-Apr-90,68,1977982,879905,1098077
1-Apr-90,69,1916276,844120,1072156
1-Apr-90,70,1759331,766108,993223
1-Apr-90,71,1680703,724380,956323
1-Apr-90,72,1593732,680110,913622
1-Apr-90,73,1499553,630615,868938
1-Apr-90,74,1447498,598658,848840
1-Apr-90,75,1392544,566173,826371
1-Apr-90,76,1291210,516425,774785
1-Apr-90,77,1227035,479169,747866
1-Apr-90,78,1133687,434866,698821
1-Apr-90,79,1059302,392685,666617
1-Apr-90,80,943884,343357,600527
1-Apr-90,81,860465,305699,554766
1-Apr-90,82,784081,271229,512852
1-Apr-90,83,696882,233548,463334
1-Apr-90,84,624430,202311,422119
1-Apr-90,85,550554,173177,377377
1-Apr-90,86,463240,141191,322049
1-Apr-90,87,394819,116191,278628
1-Apr-90,88,324364,93047,231317
1-Apr-90,89,302073,82457,219616
1-Apr-90,90,222967,58412,164555
1-Apr-90,91,175213,43458,131755
1-Apr-90,92,142126,34359,107767
1-Apr-90,93,115852,27067,88785
1-Apr-90,94,91968,20793,71175
1-Apr-90,95,67864,15047,52817
1-Apr-90,96,50322,10771,39551
1-Apr-90,97,37567,7841,29726
1-Apr-90,98,25910,5234,20676
1-Apr-90,99,21364,4660,16704
1-Apr-90,100+,35818,7701,28117
,,,,
1-May-90,All Age,247420450,119960065,127460385
1-May-90,0,3964548,2027801,1936747
1-May-90,1,3778514,1933325,1845189
1-May-90,2,3702336,1894884,1807452
1-May-90,3,3644592,1864824,1779768
1-May-90,4,3704656,1896941,1807715
1-May-90,5,3651932,1869267,1782665
1-May-90,6,3572301,1828375,1743926
1-May-90,7,3650545,1867274,1783271
1-May-90,8,3483045,1782439,1700606
1-May-90,9,3692698,1892783,1799915
1-May-90,10,3667052,1880788,1786264
1-May-90,11,3455047,1769589,1685458
1-May-90,12,3385810,1732359,1653451
1-May-90,13,3343586,1710768,1632818
1-May-90,14,3264740,1673994,1590746
1-May-90,15,3328709,1709570,1619139
1-May-90,16,3284904,1690218,1594686
1-May-90,17,3458857,1781617,1677240
1-May-90,18,3589822,1821428,1768394
1-May-90,19,4042459,2022036,2020423
1-May-90,20,3892209,1941264,1950945
1-May-90,21,3715225,1853108,1862117
1-May-90,22,3566874,1779168,1787706
1-May-90,23,3618376,1802103,1816273
1-May-90,24,3823928,1904348,1919580
1-May-90,25,4012486,1991749,2020737
1-May-90,26,4117232,2036904,2080328
1-May-90,27,4206213,2082979,2123234
1-May-90,28,4075266,2013344,2061922
1-May-90,29,4518283,2236282,2282001
1-May-90,30,4426614,2185845,2240769
1-May-90,31,4300430,2119211,2181219
1-May-90,32,4334702,2136717,2197985
1-May-90,33,4259675,2093965,2165710
1-May-90,34,4301430,2125242,2176188
1-May-90,35,4208733,2075721,2133012
1-May-90,36,4013983,1971198,2042785
1-May-90,37,3946034,1936795,2009239
1-May-90,38,3659522,1794107,1865415
1-May-90,39,3893113,1919369,1973744
1-May-90,40,3730077,1831978,1898099
1-May-90,41,3593799,1759918,1833881
1-May-90,42,3664286,1797925,1866361
1-May-90,43,3697688,1813634,1884054
1-May-90,44,2863266,1410343,1452923
1-May-90,45,2887562,1417237,1470325
1-May-90,46,2839882,1390486,1449396
1-May-90,47,2955076,1445779,1509297
1-May-90,48,2486885,1211612,1275273
1-May-90,49,2573447,1260835,1312612
1-May-90,50,2410643,1175704,1234939
1-May-90,51,2314149,1126154,1187995
1-May-90,52,2251129,1093005,1158124
1-May-90,53,2158932,1044539,1114393
1-May-90,54,2194456,1059402,1135054
1-May-90,55,2160403,1039249,1121154
1-May-90,56,2043916,980173,1063743
1-May-90,57,2090959,997787,1093172
1-May-90,58,1997999,949373,1048626
1-May-90,59,2190575,1040628,1149947
1-May-90,60,2147581,1012008,1135573
1-May-90,61,2101030,986221,1114809
1-May-90,62,2147928,1002319,1145609
1-May-90,63,2103572,975416,1128156
1-May-90,64,2124612,971913,1152699
1-May-90,65,2121039,961832,1159207
1-May-90,66,2052122,926139,1125983
1-May-90,67,1999932,896519,1103413
1-May-90,68,1972653,877444,1095209
1-May-90,69,1924449,847784,1076665
1-May-90,70,1766659,769893,996766
1-May-90,71,1682138,725193,956945
1-May-90,72,1598135,682577,915558
1-May-90,73,1499414,630459,868955
1-May-90,74,1448308,599291,849017
1-May-90,75,1395122,567466,827656
1-May-90,76,1293882,517941,775941
1-May-90,77,1228358,479842,748516
1-May-90,78,1138585,436790,701795
1-May-90,79,1061300,393948,667352
1-May-90,80,945572,343688,601884
1-May-90,81,861575,306217,555358
1-May-90,82,785723,271942,513781
1-May-90,83,699839,234617,465222
1-May-90,84,625224,202606,422618
1-May-90,85,550435,173151,377284
1-May-90,86,466228,142119,324109
1-May-90,87,396919,116788,280131
1-May-90,88,325420,93326,232094
1-May-90,89,301817,82451,219366
1-May-90,90,226582,59406,167176
1-May-90,91,176052,43688,132364
1-May-90,92,142455,34379,108076
1-May-90,93,116031,27084,88947
1-May-90,94,92320,20844,71476
1-May-90,95,68348,15124,53224
1-May-90,96,50496,10793,39703
1-May-90,97,37707,7855,29852
1-May-90,98,25998,5229,20769
1-May-90,99,21234,4593,16641
1-May-90,100+,36046,7710,28336
,,,,
1-Jun-90,All Age,247709994,120111335,127598659
1-Jun-90,0,3980748,2035947,1944801
1-Jun-90,1,3788234,1938298,1849936
1-Jun-90,2,3706596,1897158,1809438
1-Jun-90,3,3647611,1866338,1781273
1-Jun-90,4,3701516,1895157,1806359
1-Jun-90,5,3670703,1879132,1791571
1-Jun-90,6,3568235,1826151,1742084
1-Jun-90,7,3647710,1865978,1781732
1-Jun-90,8,3496800,1789362,1707438
1-Jun-90,9,3684170,1888407,1795763
1-Jun-90,10,3683958,1889513,1794445
1-Jun-90,11,3470865,1777780,1693085
1-Jun-90,12,3382282,1730554,1651728
1-Jun-90,13,3367929,1723276,1644653
1-Jun-90,14,3256844,1669869,1586975
1-Jun-90,15,3335281,1713058,1622223
1-Jun-90,16,3289255,1692598,1596657
1-Jun-90,17,3442518,1773218,1669300
1-Jun-90,18,3582069,1818841,1763228
1-Jun-90,19,4023681,2012495,2011186
1-Jun-90,20,3909056,1949964,1959092
1-Jun-90,21,3714641,1852854,1861787
1-Jun-90,22,3565587,1778375,1787212
1-Jun-90,23,3616950,1801897,1815053
1-Jun-90,24,3809923,1897070,1912853
1-Jun-90,25,4001488,1987138,2014350
1-Jun-90,26,4112141,2034189,2077952
1-Jun-90,27,4208212,2084445,2123767
1-Jun-90,28,4079626,2016075,2063551
1-Jun-90,29,4511939,2233262,2278677
1-Jun-90,30,4442735,2194665,2248070
1-Jun-90,31,4293029,2115971,2177058
1-Jun-90,32,4336022,2137652,2198370
1-Jun-90,33,4292171,2110601,2181570
1-Jun-90,34,4288232,2118829,2169403
1-Jun-90,35,4225871,2084983,2140888
1-Jun-90,36,4026710,1977811,2048899
1-Jun-90,37,3952866,1940205,2012661
1-Jun-90,38,3656624,1792750,1863874
1-Jun-90,39,3912789,1928968,1983821
1-Jun-90,40,3742979,1839095,1903884
1-Jun-90,41,3598133,1761915,1836218
1-Jun-90,42,3634553,1783127,1851426
1-Jun-90,43,3767595,1847823,1919772
1-Jun-90,44,2870210,1414164,1456046
1-Jun-90,45,2894475,1420768,1473707
1-Jun-90,46,2825514,1383268,1442246
1-Jun-90,47,2975462,1455642,1519820
1-Jun-90,48,2486611,1211683,1274928
1-Jun-90,49,2585340,1266719,1318621
1-Jun-90,50,2420678,1180732,1239946
1-Jun-90,51,2312868,1125500,1187368
1-Jun-90,52,2258023,1096409,1161614
1-Jun-90,53,2164659,1047441,1117218
1-Jun-90,54,2194368,1059496,1134872
1-Jun-90,55,2162842,1040369,1122473
1-Jun-90,56,2052116,984351,1067765
1-Jun-90,57,2089826,997585,1092241
1-Jun-90,58,1987166,944269,1042897
1-Jun-90,59,2188210,1039805,1148405
1-Jun-90,60,2149785,1012503,1137282
1-Jun-90,61,2097367,985393,1111974
1-Jun-90,62,2145112,1001050,1144062
1-Jun-90,63,2107328,978229,1129099
1-Jun-90,64,2124151,971764,1152387
1-Jun-90,65,2118991,960816,1158175
1-Jun-90,66,2054398,927244,1127154
1-Jun-90,67,2000527,897034,1103493
1-Jun-90,68,1967378,875027,1092351
1-Jun-90,69,1933085,851684,1081401
1-Jun-90,70,1774384,773878,1000506
1-Jun-90,71,1683860,726177,957683
1-Jun-90,72,1602849,685213,917636
1-Jun-90,73,1499494,630414,869080
1-Jun-90,74,1449314,600045,849269
1-Jun-90,75,1398007,568933,829074
1-Jun-90,76,1296832,519600,777232
1-Jun-90,77,1229962,480662,749300
1-Jun-90,78,1143801,438855,704946
1-Jun-90,79,1063597,395369,668228
1-Jun-90,80,947508,344117,603391
1-Jun-90,81,862925,306835,556090
1-Jun-90,82,787560,272734,514826
1-Jun-90,83,703100,235819,467281
1-Jun-90,84,626254,202978,423276
1-Jun-90,85,550481,173184,377297
1-Jun-90,86,469407,143108,326299
1-Jun-90,87,399188,117431,281757
1-Jun-90,88,326597,93642,232955
1-Jun-90,89,301647,82471,219176
1-Jun-90,90,230313,60424,169889
1-Jun-90,91,176959,43936,133023
1-Jun-90,92,142832,34409,108423
1-Jun-90,93,116241,27108,89133
1-Jun-90,94,92686,20894,71792
1-Jun-90,95,68833,15193,53640
1-Jun-90,96,50676,10820,39856
1-Jun-90,97,37850,7866,29984
1-Jun-90,98,26087,5224,20863
1-Jun-90,99,21111,4533,16578
1-Jun-90,100+,36272,7724,28548
,,,,
1-Jul-90,All Age,247982569,120247250,127735319
1-Jul-90,0,3986488,2039510,1946978
1-Jul-90,1,3798100,1943327,1854773
1-Jul-90,2,3712522,1900277,1812245
1-Jul-90,3,3660016,1872647,1787369
1-Jul-90,4,3699321,1893867,1805454
1-Jul-90,5,3681034,1884676,1796358
1-Jul-90,6,3563046,1823347,1739699
1-Jul-90,7,3644060,1864266,1779794
1-Jul-90,8,3510580,1796291,1714289
1-Jul-90,9,3678026,1885262,1792764
1-Jul-90,10,3705149,1900424,1804725
1-Jul-90,11,3481891,1783525,1698366
1-Jul-90,12,3380156,1729447,1650709
1-Jul-90,13,3385614,1732373,1653241
1-Jul-90,14,3260077,1671445,1588632
1-Jul-90,15,3342528,1716873,1625655
1-Jul-90,16,3287140,1691637,1595503
1-Jul-90,17,3436726,1770263,1666463
1-Jul-90,18,3562801,1810261,1752540
1-Jul-90,19,3998969,1999571,1999398
1-Jul-90,20,3927695,1958925,1968770
1-Jul-90,21,3716837,1853380,1863457
1-Jul-90,22,3562890,1776431,1786459
1-Jul-90,23,3614413,1800723,1813690
1-Jul-90,24,3792862,1887872,1904990
1-Jul-90,25,3985163,1979525,2005638
1-Jul-90,26,4113564,2034403,2079161
1-Jul-90,27,4214495,2087771,2126724
1-Jul-90,28,4076721,2014911,2061810
1-Jul-90,29,4504827,2229587,2275240
1-Jul-90,30,4452156,2199926,2252230
1-Jul-90,31,4294972,2117112,2177860
1-Jul-90,32,4328894,2134205,2194689
1-Jul-90,33,4308406,2118976,2189430
1-Jul-90,34,4295594,2122457,2173137
1-Jul-90,35,4232582,2088861,2143721
1-Jul-90,36,4033415,1981322,2052093
1-Jul-90,37,3962509,1944834,2017675
1-Jul-90,38,3670241,1799419,1870822
1-Jul-90,39,3905390,1924966,1980424
1-Jul-90,40,3771610,1853889,1917721
1-Jul-90,41,3611123,1768048,1843075
1-Jul-90,42,3601394,1766607,1834787
1-Jul-90,43,3826990,1876721,1950269
1-Jul-90,44,2883899,1421309,1462590
1-Jul-90,45,2895307,1421304,1474003
1-Jul-90,46,2816318,1378533,1437785
1-Jul-90,47,2995119,1465116,1530003
1-Jul-90,48,2496927,1216929,1279998
1-Jul-90,49,2596880,1272412,1324468
1-Jul-90,50,2430449,1185631,1244818
1-Jul-90,51,2311709,1124928,1186781
1-Jul-90,52,2264739,1099709,1165030
1-Jul-90,53,2170290,1050275,1120015
1-Jul-90,54,2194355,1059641,1134714
1-Jul-90,55,2165303,1041500,1123803
1-Jul-90,56,2060149,988419,1071730
1-Jul-90,57,2088806,997430,1091376
1-Jul-90,58,1976720,939343,1037377
1-Jul-90,59,2186049,1039087,1146962
1-Jul-90,60,2151971,1012987,1138984
1-Jul-90,61,2093930,984645,1109285
1-Jul-90,62,2142510,999885,1142625
1-Jul-90,63,2111063,980993,1130070
1-Jul-90,64,2123810,971669,1152141
1-Jul-90,65,2117112,959865,1157247
1-Jul-90,66,2056694,928350,1128344
1-Jul-90,67,2001182,897565,1103617
1-Jul-90,68,1962424,872759,1089665
1-Jul-90,69,1941511,855490,1086021
1-Jul-90,70,1781932,777743,1004189
1-Jul-90,71,1685631,727185,958446
1-Jul-90,72,1607446,687751,919695
1-Jul-90,73,1499695,630424,869271
1-Jul-90,74,1450359,600786,849573
1-Jul-90,75,1400854,570361,830493
1-Jul-90,76,1299731,521205,778526
1-Jul-90,77,1231604,481472,750132
1-Jul-90,78,1148910,440855,708055
1-Jul-90,79,1065897,396754,669143
1-Jul-90,80,949424,344531,604893
1-Jul-90,81,864313,307436,556877
1-Jul-90,82,789319,273458,515861
1-Jul-90,83,706332,237000,469332
1-Jul-90,84,627309,203319,423990
1-Jul-90,85,550555,173201,377354
1-Jul-90,86,472473,144040,328433
1-Jul-90,87,401369,118031,283338
1-Jul-90,88,327733,93933,233800
1-Jul-90,89,301490,82469,219021
1-Jul-90,90,233845,61358,172487
1-Jul-90,91,177807,44154,133653
1-Jul-90,92,143188,34423,108765
1-Jul-90,93,116435,27114,89321
1-Jul-90,94,93022,20929,72093
1-Jul-90,95,69255,15239,54016
1-Jul-90,96,50835,10840,39995
1-Jul-90,97,37965,7870,30095
1-Jul-90,98,26153,5211,20942
1-Jul-90,99,20989,4476,16513
1-Jul-90,100+,36486,7748,28738
,,,,
1-Aug-90,All Age,248282170,120395255,127886915
1-Aug-90,0,4000735,2047189,1953546
1-Aug-90,1,3807679,1948225,1859454
1-Aug-90,2,3719875,1904133,1815742
1-Aug-90,3,3662484,1873869,1788615
1-Aug-90,4,3699179,1893586,1805593
1-Aug-90,5,3690818,1889998,1800820
1-Aug-90,6,3570046,1826782,1743264
1-Aug-90,7,3634416,1859487,1774929
1-Aug-90,8,3518620,1800275,1718345
1-Aug-90,9,3670172,1881195,1788977
1-Aug-90,10,3727436,1911908,1815528
1-Aug-90,11,3498115,1791928,1706187
1-Aug-90,12,3384468,1731651,1652817
1-Aug-90,13,3400681,1740117,1660564
1-Aug-90,14,3260112,1671371,1588741
1-Aug-90,15,3344631,1718004,1626627
1-Aug-90,16,3293645,1695117,1598528
1-Aug-90,17,3433820,1768819,1665001
1-Aug-90,18,3535227,1794306,1740921
1-Aug-90,19,3964477,1981074,1983403
1-Aug-90,20,3947984,1968822,1979162
1-Aug-90,21,3726574,1858368,1868206
1-Aug-90,22,3565190,1778119,1787071
1-Aug-90,23,3614124,1800823,1813301
1-Aug-90,24,3770021,1875949,1894072
1-Aug-90,25,3968826,1971925,1996901
1-Aug-90,26,4112687,2033441,2079246
1-Aug-90,27,4214414,2087872,2126542
1-Aug-90,28,4079048,2016326,2062722
1-Aug-90,29,4484969,2219635,2265334
1-Aug-90,30,4474486,2211539,2262947
1-Aug-90,31,4304832,2122047,2182785
1-Aug-90,32,4311892,2125800,2186092
1-Aug-90,33,4321610,2125913,2195697
1-Aug-90,34,4309139,2129136,2180003
1-Aug-90,35,4237547,2091923,2145624
1-Aug-90,36,4039988,1984858,2055130
1-Aug-90,37,3969910,1948264,2021646
1-Aug-90,38,3697144,1812684,1884460
1-Aug-90,39,3896617,1920351,1976266
1-Aug-90,40,3789933,1863637,1926296
1-Aug-90,41,3615604,1770069,1845535
1-Aug-90,42,3592400,1761972,1830428
1-Aug-90,43,3859848,1892681,1967167
1-Aug-90,44,2924628,1441831,1482797
1-Aug-90,45,2889287,1418571,1470716
1-Aug-90,46,2812145,1376246,1435899
1-Aug-90,47,3011323,1472882,1538441
1-Aug-90,48,2528476,1232815,1295661
1-Aug-90,49,2597232,1272165,1325067
1-Aug-90,50,2444594,1192837,1251757
1-Aug-90,51,2310058,1124036,1186022
1-Aug-90,52,2270306,1102476,1167830
1-Aug-90,53,2180450,1055344,1125106
1-Aug-90,54,2191807,1058509,1133298
1-Aug-90,55,2164813,1041219,1123594
1-Aug-90,56,2074565,995488,1079077
1-Aug-90,57,2081100,994097,1087003
1-Aug-90,58,1975920,939151,1036769
1-Aug-90,59,2174960,1033864,1141096
1-Aug-90,60,2155414,1014184,1141230
1-Aug-90,61,2092923,985060,1107863
1-Aug-90,62,2136002,996847,1139155
1-Aug-90,63,2117812,984980,1132832
1-Aug-90,64,2122447,971274,1151173
1-Aug-90,65,2113120,958043,1155077
1-Aug-90,66,2059664,929686,1129978
1-Aug-90,67,2002600,898480,1104120
1-Aug-90,68,1956525,870027,1086498
1-Aug-90,69,1947051,858033,1089018
1-Aug-90,70,1792172,782838,1009334
1-Aug-90,71,1686800,727990,958810
1-Aug-90,72,1611899,690175,921724
1-Aug-90,73,1501051,630913,870138
1-Aug-90,74,1451494,601686,849808
1-Aug-90,75,1402300,571300,831000
1-Aug-90,76,1304021,523299,780722
1-Aug-90,77,1232108,482009,750099
1-Aug-90,78,1155153,443118,712035
1-Aug-90,79,1066859,397922,668937
1-Aug-90,80,952263,345223,607040
1-Aug-90,81,865848,308136,557712
1-Aug-90,82,790893,274169,516724
1-Aug-90,83,710094,238328,471766
1-Aug-90,84,628517,203881,424636
1-Aug-90,85,550036,173054,376982
1-Aug-90,86,476238,145211,331027
1-Aug-90,87,403225,118624,284601
1-Aug-90,88,330687,94690,235997
1-Aug-90,89,299446,82042,217404
1-Aug-90,90,238586,62624,175962
1-Aug-90,91,178841,44482,134359
1-Aug-90,92,143775,34504,109271
1-Aug-90,93,116733,27173,89560
1-Aug-90,94,93354,20987,72367
1-Aug-90,95,69877,15336,54541
1-Aug-90,96,51114,10894,40220
1-Aug-90,97,38089,7875,30214
1-Aug-90,98,26462,5274,21188
1-Aug-90,99,20689,4353,16336
1-Aug-90,100+,36901,7812,29089
,,,,
1-Sep-90,All Age,248608706,120565326,128043380
1-Sep-90,0,4008646,2051413,1957233
1-Sep-90,1,3819272,1954159,1865113
1-Sep-90,2,3739594,1914329,1825265
1-Sep-90,3,3660660,1872896,1787764
1-Sep-90,4,3695304,1891408,1803896
1-Sep-90,5,3694089,1891976,1802113
1-Sep-90,6,3580580,1832020,1748560
1-Sep-90,7,3630016,1857410,1772606
1-Sep-90,8,3523724,1802751,1720973
1-Sep-90,9,3664628,1878314,1786314
1-Sep-90,10,3743999,1920459,1823540
1-Sep-90,11,3512957,1799630,1713327
1-Sep-90,12,3388666,1733785,1654881
1-Sep-90,13,3419097,1749587,1669510
1-Sep-90,14,3264798,1673678,1591120
1-Sep-90,15,3339635,1715483,1624152
1-Sep-90,16,3300949,1699020,1601929
1-Sep-90,17,3426347,1764986,1661361
1-Sep-90,18,3511342,1780643,1730699
1-Sep-90,19,3938625,1967534,1971091
1-Sep-90,20,3967799,1979044,1988755
1-Sep-90,21,3737121,1864356,1872765
1-Sep-90,22,3568501,1780859,1787642
1-Sep-90,23,3607618,1798271,1809347
1-Sep-90,24,3755491,1868702,1886789
1-Sep-90,25,3960848,1969000,1991848
1-Sep-90,26,4102123,2028050,2074073
1-Sep-90,27,4206177,2084235,2121942
1-Sep-90,28,4086536,2020605,2065931
1-Sep-90,29,4458272,2206609,2251663
1-Sep-90,30,4510543,2230327,2280216
1-Sep-90,31,4314247,2127158,2187089
1-Sep-90,32,4301717,2120917,2180800
1-Sep-90,33,4323827,2127672,2196155
1-Sep-90,34,4322775,2136104,2186671
1-Sep-90,35,4252432,2100113,2152319
1-Sep-90,36,4049489,1990061,2059428
1-Sep-90,37,3974556,1950536,2024020
1-Sep-90,38,3723745,1825942,1897803
1-Sep-90,39,3883603,1913828,1969775
1-Sep-90,40,3814494,1876581,1937913
1-Sep-90,41,3611707,1768074,1843633
1-Sep-90,42,3595270,1763368,1831902
1-Sep-90,43,3868033,1896527,1971506
1-Sep-90,44,2990654,1474992,1515662
1-Sep-90,45,2886934,1417706,1469228
1-Sep-90,46,2804492,1372302,1432190
1-Sep-90,47,3019434,1476703,1542731
1-Sep-90,48,2570222,1253729,1316493
1-Sep-90,49,2597625,1271962,1325663
1-Sep-90,50,2458764,1200075,1258689
1-Sep-90,51,2308476,1123196,1185280
1-Sep-90,52,2275930,1105283,1170647
1-Sep-90,53,2190645,1060443,1130202
1-Sep-90,54,2189314,1057421,1131893
1-Sep-90,55,2164360,1040965,1123395
1-Sep-90,56,2089005,1002580,1086425
1-Sep-90,57,2073478,990819,1082659
1-Sep-90,58,1975186,939004,1036182
1-Sep-90,59,2163959,1028683,1135276
1-Sep-90,60,2158907,1015407,1143500
1-Sep-90,61,2092012,985535,1106477
1-Sep-90,62,2129601,993895,1135706
1-Sep-90,63,2124624,988994,1135630
1-Sep-90,64,2121206,970954,1150252
1-Sep-90,65,2109238,956290,1152948
1-Sep-90,66,2062769,931113,1131656
1-Sep-90,67,2004103,899443,1104660
1-Sep-90,68,1950752,867366,1083386
1-Sep-90,69,1952701,860664,1092037
1-Sep-90,70,1802499,787963,1014536
1-Sep-90,71,1688108,728881,959227
1-Sep-90,72,1616473,692671,923802
1-Sep-90,73,1502531,631468,871063
1-Sep-90,74,1452711,602631,850080
1-Sep-90,75,1403919,572328,831591
1-Sep-90,76,1308402,525440,782962
1-Sep-90,77,1232758,482644,750114
1-Sep-90,78,1161470,445410,716060
1-Sep-90,79,1068051,399199,668852
1-Sep-90,80,955157,345942,609215
1-Sep-90,81,867494,308882,558612
1-Sep-90,82,792574,274917,517657
1-Sep-90,83,713907,239679,474228
1-Sep-90,84,629808,204465,425343
1-Sep-90,85,549612,172943,376669
1-Sep-90,86,480038,146392,333646
1-Sep-90,87,405123,119229,285894
1-Sep-90,88,333625,95440,238185
1-Sep-90,89,297484,81636,215848
1-Sep-90,90,243270,63870,179400
1-Sep-90,91,179873,44801,135072
1-Sep-90,92,144359,34581,109778
1-Sep-90,93,117036,27230,89806
1-Sep-90,94,93681,21039,72642
1-Sep-90,95,70475,15429,55046
1-Sep-90,96,51373,10942,40431
1-Sep-90,97,38196,7876,30320
1-Sep-90,98,26748,5330,21418
1-Sep-90,99,20408,4243,16165
1-Sep-90,100+,37300,7881,29419
,,,,
1-Oct-90,All Age,248920061,120724449,128195612
1-Oct-90,0,4010756,2052336,1958420
1-Oct-90,1,3829046,1959156,1869890
1-Oct-90,2,3749814,1919675,1830139
1-Oct-90,3,3661172,1873116,1788056
1-Oct-90,4,3696992,1892072,1804920
1-Oct-90,5,3700684,1895636,1805048
1-Oct-90,6,3592023,1837732,1754291
1-Oct-90,7,3618769,1851819,1766950
1-Oct-90,8,3535759,1808801,1726958
1-Oct-90,9,3651865,1871725,1780140
1-Oct-90,10,3769514,1933601,1835913
1-Oct-90,11,3525444,1806110,1719334
1-Oct-90,12,3390787,1734870,1655917
1-Oct-90,13,3430110,1755265,1674845
1-Oct-90,14,3276528,1679614,1596914
1-Oct-90,15,3331199,1711189,1620010
1-Oct-90,16,3316438,1707149,1609289
1-Oct-90,17,3413525,1758389,1655136
1-Oct-90,18,3484034,1765473,1718561
1-Oct-90,19,3910053,1952691,1957362
1-Oct-90,20,3997863,1994450,2003413
1-Oct-90,21,3744645,1868599,1876046
1-Oct-90,22,3569866,1782332,1787534
1-Oct-90,23,3597713,1793710,1804003
1-Oct-90,24,3741561,1861505,1880056
1-Oct-90,25,3948528,1963605,1984923
1-Oct-90,26,4093818,2023573,2070245
1-Oct-90,27,4205686,2084325,2121361
1-Oct-90,28,4091010,2023188,2067822
1-Oct-90,29,4428286,2191779,2236507
1-Oct-90,30,4544166,2247698,2296468
1-Oct-90,31,4309933,2125370,2184563
1-Oct-90,32,4306500,2123340,2183160
1-Oct-90,33,4329834,2131188,2198646
1-Oct-90,34,4333071,2141272,2191799
1-Oct-90,35,4266399,2107740,2158659
1-Oct-90,36,4062960,1997117,2065843
1-Oct-90,37,3977196,1951720,2025476
1-Oct-90,38,3748724,1838349,1910375
1-Oct-90,39,3875726,1909786,1965940
1-Oct-90,40,3838819,1889313,1949506
1-Oct-90,41,3606162,1765232,1840930
1-Oct-90,42,3599201,1765251,1833950
1-Oct-90,43,3853967,1889335,1964632
1-Oct-90,44,3077052,1518287,1558765
1-Oct-90,45,2893379,1421096,1472283
1-Oct-90,46,2791342,1365687,1425655
1-Oct-90,47,3009844,1471835,1538009
1-Oct-90,48,2626007,1281531,1344476
1-Oct-90,49,2598064,1271782,1326282
1-Oct-90,50,2472545,1207111,1265434
1-Oct-90,51,2306978,1122407,1184571
1-Oct-90,52,2281447,1108041,1173406
1-Oct-90,53,2200532,1065393,1135139
1-Oct-90,54,2186960,1056392,1130568
1-Oct-90,55,2163970,1040733,1123237
1-Oct-90,56,2103013,1009465,1093548
1-Oct-90,57,2066174,987692,1078482
1-Oct-90,58,1974522,938895,1035627
1-Oct-90,59,2153374,1023706,1129668
1-Oct-90,60,2162320,1016597,1145723
1-Oct-90,61,2091162,986010,1105152
1-Oct-90,62,2123485,991089,1132396
1-Oct-90,63,2131230,992877,1138353
1-Oct-90,64,2120099,970688,1149411
1-Oct-90,65,2105525,954601,1150924
1-Oct-90,66,2065814,932527,1133287
1-Oct-90,67,2005575,900383,1105192
1-Oct-90,68,1945213,864805,1080408
1-Oct-90,69,1958158,863227,1094931
1-Oct-90,70,1812488,792883,1019605
1-Oct-90,71,1689410,729770,959640
1-Oct-90,72,1620926,695120,925806
1-Oct-90,73,1503946,631979,871967
1-Oct-90,74,1453889,603542,850347
1-Oct-90,75,1405497,573319,832178
1-Oct-90,76,1312584,527475,785109
1-Oct-90,77,1233380,483256,750124
1-Oct-90,78,1167475,447566,719909
1-Oct-90,79,1069257,400453,668804
1-Oct-90,80,957880,346592,611288
1-Oct-90,81,869068,309572,559496
1-Oct-90,82,794139,275608,518531
1-Oct-90,83,717498,240949,476549
1-Oct-90,84,630994,204980,426014
1-Oct-90,85,549149,172811,376338
1-Oct-90,86,483632,147492,336140
1-Oct-90,87,406880,119783,287097
1-Oct-90,88,336375,96132,240243
1-Oct-90,89,295583,81238,214345
1-Oct-90,90,247647,65018,182629
1-Oct-90,91,180800,45091,135709
1-Oct-90,92,144855,34626,110229
1-Oct-90,93,117277,27269,90008
1-Oct-90,94,93945,21076,72869
1-Oct-90,95,70984,15495,55489
1-Oct-90,96,51576,10975,40601
1-Oct-90,97,38270,7875,30395
1-Oct-90,98,26983,5371,21612
1-Oct-90,99,20122,4136,15986
1-Oct-90,100+,37622,7944,29678
,,,,
1-Nov-90,All Age,249209071,120870619,128338452
1-Nov-90,0,4018833,2056683,1962150
1-Nov-90,1,3844041,1966782,1877259
1-Nov-90,2,3752804,1921285,1831519
1-Nov-90,3,3668406,1876757,1791649
1-Nov-90,4,3692058,1889324,1802734
1-Nov-90,5,3704202,1897711,1806491
1-Nov-90,6,3607343,1845369,1761974
1-Nov-90,7,3610859,1847886,1762973
1-Nov-90,8,3546506,1814168,1732338
1-Nov-90,9,3637797,1864466,1773331
1-Nov-90,10,3787537,1942859,1844678
1-Nov-90,11,3540485,1813886,1726599
1-Nov-90,12,3394200,1736608,1657592
1-Nov-90,13,3438978,1759844,1679134
1-Nov-90,14,3289631,1686253,1603378
1-Nov-90,15,3319768,1705336,1614432
1-Nov-90,16,3333944,1716313,1617631
1-Nov-90,17,3404415,1754260,1650155
1-Nov-90,18,3460769,1753978,1706791
1-Nov-90,19,3881549,1937768,1943781
1-Nov-90,20,4017022,2003409,2013613
1-Nov-90,21,3750779,1871124,1879655
1-Nov-90,22,3572173,1783175,1788998
1-Nov-90,23,3589493,1789889,1799604
1-Nov-90,24,3733563,1857099,1876464
1-Nov-90,25,3929905,1954852,1975053
1-Nov-90,26,4086501,2019659,2066842
1-Nov-90,27,4202208,2082814,2119394
1-Nov-90,28,4098048,2027110,2070938
1-Nov-90,29,4409193,2182379,2226814
1-Nov-90,30,4568649,2260448,2308201
1-Nov-90,31,4302287,2122087,2180200
1-Nov-90,32,4306903,2123599,2183304
1-Nov-90,33,4340595,2137050,2203545
1-Nov-90,34,4346538,2148071,2198467
1-Nov-90,35,4278928,2114640,2164288
1-Nov-90,36,4083414,2007542,2075872
1-Nov-90,37,3973592,1949992,2023600
1-Nov-90,38,3766696,1847341,1919355
1-Nov-90,39,3872091,1907721,1964370
1-Nov-90,40,3859852,1900454,1959398
1-Nov-90,41,3604489,1764220,1840269
1-Nov-90,42,3599966,1765525,1834441
1-Nov-90,43,3825596,1875180,1950416
1-Nov-90,44,3181927,1570635,1611292
1-Nov-90,45,2895281,1422208,1473073
1-Nov-90,46,2783714,1361755,1421959
1-Nov-90,47,2985196,1459535,1525661
1-Nov-90,48,2678945,1307953,1370992
1-Nov-90,49,2603440,1273987,1329453
1-Nov-90,50,2483421,1212580,1270841
1-Nov-90,51,2306960,1122377,1184583
1-Nov-90,52,2286491,1110536,1175955
1-Nov-90,53,2212184,1071219,1140965
1-Nov-90,54,2185332,1055729,1129603
1-Nov-90,55,2160736,1039104,1121632
1-Nov-90,56,2119079,1017293,1101786
1-Nov-90,57,2058629,984455,1074174
1-Nov-90,58,1975247,939461,1035786
1-Nov-90,59,2143062,1018788,1124274
1-Nov-90,60,2162171,1016055,1146116
1-Nov-90,61,2091974,987302,1104672
1-Nov-90,62,2116733,987949,1128784
1-Nov-90,63,2137551,996559,1140992
1-Nov-90,64,2119660,970625,1149035
1-Nov-90,65,2100143,952240,1147903
1-Nov-90,66,2068085,933525,1134560
1-Nov-90,67,2007956,901699,1106257
1-Nov-90,68,1939248,861977,1077271
1-Nov-90,69,1961539,864715,1096824
1-Nov-90,70,1822771,798045,1024726
1-Nov-90,71,1691381,730927,960454
1-Nov-90,72,1624738,697279,927459
1-Nov-90,73,1505544,632488,873056
1-Nov-90,74,1455503,604537,850966
1-Nov-90,75,1406111,573932,832179
1-Nov-90,76,1316625,529383,787242
1-Nov-90,77,1233835,483697,750138
1-Nov-90,78,1173231,449583,723648
1-Nov-90,79,1069678,401386,668292
1-Nov-90,80,960210,347125,613085
1-Nov-90,81,870808,310278,560530
1-Nov-90,82,795194,276070,519124
1-Nov-90,83,720907,242123,478784
1-Nov-90,84,631859,205385,426474
1-Nov-90,85,548144,172494,375650
1-Nov-90,86,486967,148470,338497
1-Nov-90,87,408466,120284,288182
1-Nov-90,88,339501,96885,242616
1-Nov-90,89,293189,80678,212511
1-Nov-90,90,251398,65989,185409
1-Nov-90,91,182181,45505,136676
1-Nov-90,92,145380,34690,110690
1-Nov-90,93,117451,27278,90173
1-Nov-90,94,94082,21082,73000
1-Nov-90,95,71454,15550,55904
1-Nov-90,96,51825,11012,40813
1-Nov-90,97,38323,7863,30460
1-Nov-90,98,27265,5427,21838
1-Nov-90,99,19819,4022,15797
1-Nov-90,100+,37921,7975,29946
,,,,
1-Dec-90,All Age,249485729,121010296,128475433
1-Dec-90,0,4024368,2059235,1965133
1-Dec-90,1,3857561,1973671,1883890
1-Dec-90,2,3759115,1924621,1834494
1-Dec-90,3,3681419,1883362,1798057
1-Dec-90,4,3682989,1884484,1798505
1-Dec-90,5,3710761,1901329,1809432
1-Dec-90,6,3613202,1848197,1765005
1-Dec-90,7,3606238,1845649,1760589
1-Dec-90,8,3557360,1819606,1737754
1-Dec-90,9,3628212,1859524,1768688
1-Dec-90,10,3799025,1948783,1850242
1-Dec-90,11,3554169,1820978,1733191
1-Dec-90,12,3400421,1739817,1660604
1-Dec-90,13,3445992,1763507,1682485
1-Dec-90,14,3306227,1694730,1611497
1-Dec-90,15,3313142,1702003,1611139
1-Dec-90,16,3342464,1720892,1621572
1-Dec-90,17,3393464,1749316,1644148
1-Dec-90,18,3449048,1748611,1700437
1-Dec-90,19,3846398,1919595,1926803
1-Dec-90,20,4036320,2012350,2023970
1-Dec-90,21,3754418,1872247,1882171
1-Dec-90,22,3581247,1787315,1793932
1-Dec-90,23,3578338,1784348,1793990
1-Dec-90,24,3728163,1853930,1874233
1-Dec-90,25,3917029,1948931,1968098
1-Dec-90,26,4083169,2017717,2065452
1-Dec-90,27,4195485,2079612,2115873
1-Dec-90,28,4103581,2030242,2073339
1-Dec-90,29,4388487,2172125,2216362
1-Dec-90,30,4594051,2273686,2320365
1-Dec-90,31,4299998,2121422,2178576
1-Dec-90,32,4308404,2124379,2184025
1-Dec-90,33,4349117,2141782,2207335
1-Dec-90,34,4351449,2150610,2200839
1-Dec-90,35,4290144,2120864,2169280
1-Dec-90,36,4101248,2016666,2084582
1-Dec-90,37,3977590,1951950,2025640
1-Dec-90,38,3787709,1857830,1929879
1-Dec-90,39,3864097,1903479,1960618
1-Dec-90,40,3880895,1911551,1969344
1-Dec-90,41,3599818,1761741,1838077
1-Dec-90,42,3603705,1767285,1836420
1-Dec-90,43,3784246,1854670,1929576
1-Dec-90,44,3293052,1626027,1667025
1-Dec-90,45,2890898,1420209,1470689
1-Dec-90,46,2787723,1363539,1424184
1-Dec-90,47,2961033,1447470,1513563
1-Dec-90,48,2720482,1328775,1391707
1-Dec-90,49,2608717,1276163,1332554
1-Dec-90,50,2494048,1217933,1276115
1-Dec-90,51,2307012,1122375,1184637
1-Dec-90,52,2291417,1112963,1178454
1-Dec-90,53,2223511,1076880,1146631
1-Dec-90,54,2183825,1055131,1128694
1-Dec-90,55,2157648,1037550,1120098
1-Dec-90,56,2134679,1024893,1109786
1-Dec-90,57,2051378,981357,1070021
1-Dec-90,58,1976010,940052,1035958
1-Dec-90,59,2133118,1014036,1119082
1-Dec-90,60,2162072,1015571,1146501
1-Dec-90,61,2092797,988572,1104225
1-Dec-90,62,2110256,984943,1125313
1-Dec-90,63,2143684,1000132,1143552
1-Dec-90,64,2119273,970585,1148688
1-Dec-90,65,2094921,949939,1144982
1-Dec-90,66,2070275,934489,1135786
1-Dec-90,67,2010255,902963,1107292
1-Dec-90,68,1933481,859265,1074216
1-Dec-90,69,1964757,866117,1098640
1-Dec-90,70,1832763,803068,1029695
1-Dec-90,71,1693187,731992,961195
1-Dec-90,72,1628348,699327,929021
1-Dec-90,73,1507098,632994,874104
1-Dec-90,74,1456960,605446,851514
1-Dec-90,75,1406667,574497,832170
1-Dec-90,76,1320470,531226,789244
1-Dec-90,77,1234198,484061,750137
1-Dec-90,78,1178675,451471,727204
1-Dec-90,79,1070062,402254,667808
1-Dec-90,80,962358,347602,614756
1-Dec-90,81,872368,310900,561468
1-Dec-90,82,796120,276466,519654
1-Dec-90,83,724071,243187,480884
1-Dec-90,84,632620,205742,426878
1-Dec-90,85,547087,172145,374942
1-Dec-90,86,490030,149351,340679
1-Dec-90,87,409865,120710,289155
1-Dec-90,88,342367,97556,244811
1-Dec-90,89,290829,80121,210708
1-Dec-90,90,254838,66864,187974
1-Dec-90,91,183390,45857,137533
1-Dec-90,92,145791,34723,111068
1-Dec-90,93,117534,27262,90272
1-Dec-90,94,94140,21066,73074
1-Dec-90,95,71822,15580,56242
1-Dec-90,96,52004,11034,40970
1-Dec-90,97,38321,7839,30482
1-Dec-90,98,27484,5470,22014
1-Dec-90,99,19509,3909,15600
1-Dec-90,100+,38148,8005,30143
Intercensal Estimates of the United States Civilian Population by Age and Sex: 1991,,,,
,,,,
1-Jan-91,All Age,249755492,121149909,128605583
1-Jan-91,0,4021630,2057680,1963950
1-Jan-91,1,3873524,1981791,1891733
1-Jan-91,2,3759076,1924683,1834393
1-Jan-91,3,3688990,1887178,1801812
1-Jan-91,4,3683775,1884680,1799095
1-Jan-91,5,3721337,1907005,1814332
1-Jan-91,6,3615932,1849405,1766527
1-Jan-91,7,3605343,1845305,1760038
1-Jan-91,8,3559850,1820755,1739095
1-Jan-91,9,3617412,1853944,1763468
1-Jan-91,10,3821253,1960200,1861053
1-Jan-91,11,3560509,1824295,1736214
1-Jan-91,12,3413136,1746309,1666827
1-Jan-91,13,3445362,1763227,1682135
1-Jan-91,14,3317286,1700289,1616997
1-Jan-91,15,3314541,1702734,1611807
1-Jan-91,16,3349860,1724836,1625024
1-Jan-91,17,3378177,1742218,1635959
1-Jan-91,18,3445872,1747870,1698002
1-Jan-91,19,3794570,1893293,1901277
1-Jan-91,20,4059183,2023327,2035856
1-Jan-91,21,3762672,1875919,1886753
1-Jan-91,22,3595861,1794460,1801401
1-Jan-91,23,3569665,1780259,1789406
1-Jan-91,24,3722498,1850788,1871710
1-Jan-91,25,3903533,1942860,1960673
1-Jan-91,26,4075729,2013865,2061864
1-Jan-91,27,4189053,2076643,2112410
1-Jan-91,28,4112814,2035363,2077451
1-Jan-91,29,4358564,2157364,2201200
1-Jan-91,30,4624107,2289326,2334781
1-Jan-91,31,4298885,2121489,2177396
1-Jan-91,32,4313937,2127299,2186638
1-Jan-91,33,4353685,2144653,2209032
1-Jan-91,34,4359265,2154688,2204577
1-Jan-91,35,4304215,2128604,2175611
1-Jan-91,36,4105488,2019148,2086340
1-Jan-91,37,3993517,1959918,2033599
1-Jan-91,38,3809533,1868783,1940750
1-Jan-91,39,3854382,1898445,1955937
1-Jan-91,40,3909435,1926398,1983037
1-Jan-91,41,3591638,1757605,1834033
1-Jan-91,42,3612391,1771491,1840900
1-Jan-91,43,3736994,1831282,1905712
1-Jan-91,44,3406676,1682618,1724058
1-Jan-91,45,2885680,1417839,1467841
1-Jan-91,46,2793222,1366015,1427207
1-Jan-91,47,2936737,1435325,1501412
1-Jan-91,48,2758732,1347988,1410744
1-Jan-91,49,2614074,1278358,1335716
1-Jan-91,50,2504985,1223443,1281542
1-Jan-91,51,2307031,1122360,1184671
1-Jan-91,52,2296472,1115465,1181007
1-Jan-91,53,2235164,1082714,1152450
1-Jan-91,54,2182240,1054493,1127747
1-Jan-91,55,2154424,1035951,1118473
1-Jan-91,56,2150730,1032712,1118018
1-Jan-91,57,2043871,978142,1065729
1-Jan-91,58,1976738,940635,1036103
1-Jan-91,59,2122789,1009097,1113692
1-Jan-91,60,2161916,1015032,1146884
1-Jan-91,61,2093586,989872,1103714
1-Jan-91,62,2103520,981821,1121699
1-Jan-91,63,2149898,1003770,1146128
1-Jan-91,64,2118830,970516,1148314
1-Jan-91,65,2089428,947523,1141905
1-Jan-91,66,2072465,935446,1137019
1-Jan-91,67,2012541,904200,1108341
1-Jan-91,68,1927449,856431,1071018
1-Jan-91,69,1967957,867491,1100466
1-Jan-91,70,1843061,808251,1034810
1-Jan-91,71,1694894,733010,961884
1-Jan-91,72,1631898,701343,930555
1-Jan-91,73,1508636,633500,875136
1-Jan-91,74,1458340,606329,852011
1-Jan-91,75,1407111,575008,832103
1-Jan-91,76,1324342,533096,791246
1-Jan-91,77,1234419,484345,750074
1-Jan-91,78,1184076,453300,730776
1-Jan-91,79,1070364,403101,667263
1-Jan-91,80,964401,348024,616377
1-Jan-91,81,873774,311438,562336
1-Jan-91,82,796909,276795,520114
1-Jan-91,83,727145,244185,482960
1-Jan-91,84,633265,206051,427214
1-Jan-91,85,545849,171730,374119
1-Jan-91,86,492967,150176,342791
1-Jan-91,87,411127,121081,290046
1-Jan-91,88,345110,98172,246938
1-Jan-91,89,288313,79511,208802
1-Jan-91,90,258161,67687,190474
1-Jan-91,91,184470,46166,138304
1-Jan-91,92,146066,34714,111352
1-Jan-91,93,117507,27212,90295
1-Jan-91,94,94088,21022,73066
1-Jan-91,95,72103,15588,56515
1-Jan-91,96,52105,11039,41066
1-Jan-91,97,38256,7800,30456
1-Jan-91,98,27648,5498,22150
1-Jan-91,99,19168,3787,15381
1-Jan-91,100+,38285,8019,30266
,,,,
1-Feb-91,All Age,249993585,121268160,128725425
1-Feb-91,0,4025089,2059002,1966087
1-Feb-91,1,3888248,1989288,1898960
1-Feb-91,2,3764972,1927774,1837198
1-Feb-91,3,3693042,1889082,1803960
1-Feb-91,4,3686835,1886319,1800516
1-Feb-91,5,3717787,1905078,1812709
1-Feb-91,6,3629383,1856335,1773048
1-Feb-91,7,3600392,1842662,1757730
1-Feb-91,8,3550192,1816033,1734159
1-Feb-91,9,3655189,1873288,1781901
1-Feb-91,10,3795203,1946715,1848488
1-Feb-91,11,3573602,1830675,1742927
1-Feb-91,12,3430352,1755329,1675023
1-Feb-91,13,3447464,1764389,1683075
1-Feb-91,14,3331417,1707856,1623561
1-Feb-91,15,3314942,1702647,1612295
1-Feb-91,16,3352340,1726491,1625849
1-Feb-91,17,3374323,1740128,1634195
1-Feb-91,18,3428447,1739217,1689230
1-Feb-91,19,3783140,1888976,1894164
1-Feb-91,20,4043254,2014920,2028334
1-Feb-91,21,3771965,1879288,1892677
1-Feb-91,22,3609372,1800096,1809276
1-Feb-91,23,3559836,1774552,1785284
1-Feb-91,24,3730017,1854547,1875470
1-Feb-91,25,3875159,1927856,1947303
1-Feb-91,26,4065987,2009054,2056933
1-Feb-91,27,4186653,2075859,2110794
1-Feb-91,28,4092409,2024682,2067727
1-Feb-91,29,4410788,2184484,2226304
1-Feb-91,30,4576635,2264830,2311805
1-Feb-91,31,4313771,2129792,2183979
1-Feb-91,32,4325277,2133149,2192128
1-Feb-91,33,4351548,2143197,2208351
1-Feb-91,34,4382261,2168182,2214079
1-Feb-91,35,4297798,2123722,2174076
1-Feb-91,36,4106847,2020390,2086457
1-Feb-91,37,4013802,1970554,2043248
1-Feb-91,38,3800095,1863712,1936383
1-Feb-91,39,3920799,1932463,1988336
1-Feb-91,40,3856776,1898525,1958251
1-Feb-91,41,3610839,1767975,1842864
1-Feb-91,42,3617302,1774117,1843185
1-Feb-91,43,3690299,1807433,1882866
1-Feb-91,44,3539215,1749586,1789629
1-Feb-91,45,2853369,1400641,1452728
1-Feb-91,46,2800067,1369773,1430294
1-Feb-91,47,2919245,1426451,1492794
1-Feb-91,48,2779723,1358369,1421354
1-Feb-91,49,2646834,1295012,1351822
1-Feb-91,50,2505089,1223030,1282059
1-Feb-91,51,2308830,1123432,1185398
1-Feb-91,52,2301573,1117934,1183639
1-Feb-91,53,2245571,1087856,1157715
1-Feb-91,54,2186758,1056878,1129880
1-Feb-91,55,2146706,1032111,1114595
1-Feb-91,56,2163702,1039115,1124587
1-Feb-91,57,2042953,977990,1064963
1-Feb-91,58,1972623,938958,1033665
1-Feb-91,59,2119998,1007917,1112081
1-Feb-91,60,2153453,1010269,1143184
1-Feb-91,61,2095013,991641,1103372
1-Feb-91,62,2101700,980964,1120736
1-Feb-91,63,2150351,1004749,1145602
1-Feb-91,64,2120904,971471,1149433
1-Feb-91,65,2082867,944757,1138110
1-Feb-91,66,2074599,936492,1138107
1-Feb-91,67,2013405,904734,1108671
1-Feb-91,68,1921880,853788,1068092
1-Feb-91,69,1970416,868542,1101874
1-Feb-91,70,1851674,812614,1039060
1-Feb-91,71,1697612,734479,963133
1-Feb-91,72,1634841,703018,931823
1-Feb-91,73,1509624,633722,875902
1-Feb-91,74,1462171,608274,853897
1-Feb-91,75,1405700,574733,830967
1-Feb-91,76,1326569,534361,792208
1-Feb-91,77,1235970,485184,750786
1-Feb-91,78,1189343,455166,734177
1-Feb-91,79,1070044,403522,666522
1-Feb-91,80,965004,348167,616837
1-Feb-91,81,876247,312393,563854
1-Feb-91,82,798422,277413,521009
1-Feb-91,83,728824,244684,484140
1-Feb-91,84,634079,206410,427669
1-Feb-91,85,544193,171230,372963
1-Feb-91,86,495688,150935,344753
1-Feb-91,87,412467,121477,290990
1-Feb-91,88,347230,98672,248558
1-Feb-91,89,287241,79257,207984
1-Feb-91,90,259449,68021,191428
1-Feb-91,91,186526,46725,139801
1-Feb-91,92,146484,34788,111696
1-Feb-91,93,117505,27162,90343
1-Feb-91,94,94110,20996,73114
1-Feb-91,95,72209,15572,56637
1-Feb-91,96,52314,11052,41262
1-Feb-91,97,38260,7792,30468
1-Feb-91,98,27773,5510,22263
1-Feb-91,99,18991,3725,15266
1-Feb-91,100+,38329,7983,30346
,,,,
1-Mar-91,All Age,250226061,121385217,128840844
1-Mar-91,0,4023938,2058154,1965784
1-Mar-91,1,3900418,1995484,1904934
1-Mar-91,2,3763033,1926852,1836181
1-Mar-91,3,3706623,1895864,1810759
1-Mar-91,4,3691535,1888779,1802756
1-Mar-91,5,3713798,1902918,1810880
1-Mar-91,6,3630640,1857020,1773620
1-Mar-91,7,3605335,1845084,1760251
1-Mar-91,8,3541267,1811655,1729612
1-Mar-91,9,3690915,1891569,1799346
1-Mar-91,10,3761302,1929197,1832105
1-Mar-91,11,3598183,1842947,1755236
1-Mar-91,12,3444482,1762740,1681742
1-Mar-91,13,3446626,1764025,1682601
1-Mar-91,14,3341525,1713316,1628209
1-Mar-91,15,3322206,1706093,1616113
1-Mar-91,16,3354667,1728013,1626654
1-Mar-91,17,3374436,1740144,1634292
1-Mar-91,18,3399577,1724570,1675007
1-Mar-91,19,3786238,1891811,1894427
1-Mar-91,20,4021039,2003309,2017730
1-Mar-91,21,3784299,1884477,1899822
1-Mar-91,22,3610940,1799922,1811018
1-Mar-91,23,3563659,1775919,1787740
1-Mar-91,24,3732710,1855971,1876739
1-Mar-91,25,3852571,1915894,1936677
1-Mar-91,26,4044646,1998532,2046114
1-Mar-91,27,4199797,2082963,2116834
1-Mar-91,28,4071168,2013668,2057500
1-Mar-91,29,4458586,2209379,2249207
1-Mar-91,30,4522509,2237151,2285358
1-Mar-91,31,4339448,2143525,2195923
1-Mar-91,32,4334226,2137874,2196352
1-Mar-91,33,4354476,2144428,2210048
1-Mar-91,34,4389037,2173551,2215486
1-Mar-91,35,4301167,2123890,2177277
1-Mar-91,36,4115448,2025225,2090223
1-Mar-91,37,4030243,1979299,2050944
1-Mar-91,38,3777000,1852026,1924974
1-Mar-91,39,3994955,1970283,2024672
1-Mar-91,40,3811981,1874782,1937199
1-Mar-91,41,3629902,1778231,1851671
1-Mar-91,42,3605564,1768560,1837004
1-Mar-91,43,3673182,1798208,1874974
1-Mar-91,44,3647750,1804537,1843213
1-Mar-91,45,2828241,1387116,1441125
1-Mar-91,46,2796972,1368624,1428348
1-Mar-91,47,2913535,1423410,1490125
1-Mar-91,48,2793549,1365226,1428323
1-Mar-91,49,2682633,1313118,1369515
1-Mar-91,50,2498446,1219358,1279088
1-Mar-91,51,2317068,1127633,1189435
1-Mar-91,52,2306218,1120188,1186030
1-Mar-91,53,2255024,1092523,1162501
1-Mar-91,54,2184937,1056202,1128735
1-Mar-91,55,2145661,1031503,1114158
1-Mar-91,56,2175477,1044921,1130556
1-Mar-91,57,2042201,977895,1064306
1-Mar-91,58,1963449,934850,1028599
1-Mar-91,59,2123408,1009690,1113718
1-Mar-91,60,2145885,1006007,1139878
1-Mar-91,61,2096335,993245,1103090
1-Mar-91,62,2094343,977541,1116802
1-Mar-91,63,2156759,1008451,1148308
1-Mar-91,64,2122873,972390,1150483
1-Mar-91,65,2077036,942296,1134740
1-Mar-91,66,2070978,934963,1136015
1-Mar-91,67,2019885,907781,1112104
1-Mar-91,68,1916954,851448,1065506
1-Mar-91,69,1972747,869551,1103196
1-Mar-91,70,1854663,814483,1040180
1-Mar-91,71,1704949,737924,967025
1-Mar-91,72,1637575,704574,933001
1-Mar-91,73,1510596,633954,876642
1-Mar-91,74,1461781,608448,853333
1-Mar-91,75,1408403,576136,832267
1-Mar-91,76,1328670,535529,793141
1-Mar-91,77,1237439,485972,751467
1-Mar-91,78,1191105,455711,735394
1-Mar-91,79,1072840,405064,667776
1-Mar-91,80,965619,348305,617314
1-Mar-91,81,878503,313258,565245
1-Mar-91,82,797749,277284,520465
1-Mar-91,83,732455,245848,486607
1-Mar-91,84,634857,206719,428138
1-Mar-91,85,542751,170783,371968
1-Mar-91,86,496883,151233,345650
1-Mar-91,87,414892,122181,292711
1-Mar-91,88,349098,99101,249997
1-Mar-91,89,286285,79017,207268
1-Mar-91,90,260578,68303,192275
1-Mar-91,91,188313,47199,141114
1-Mar-91,92,146814,34837,111977
1-Mar-91,93,117470,27106,90364
1-Mar-91,94,93865,20910,72955
1-Mar-91,95,72505,15605,56900
1-Mar-91,96,52472,11055,41417
1-Mar-91,97,38234,7772,30462
1-Mar-91,98,27800,5503,22297
1-Mar-91,99,18871,3668,15203
1-Mar-91,100+,38365,7966,30399
,,,,
1-Apr-91,All Age,250500736,121526641,128974095
1-Apr-91,0,4019288,2056053,1963235
1-Apr-91,1,3911261,2001007,1910254
1-Apr-91,2,3776184,1933682,1842502
1-Apr-91,3,3710047,1897449,1812598
1-Apr-91,4,3700920,1893670,1807250
1-Apr-91,5,3709862,1900791,1809071
1-Apr-91,6,3639140,1861450,1777690
1-Apr-91,7,3599050,1841787,1757263
1-Apr-91,8,3536397,1809401,1726996
1-Apr-91,9,3730671,1911955,1818716
1-Apr-91,10,3736577,1916408,1820169
1-Apr-91,11,3612729,1850076,1762653
1-Apr-91,12,3460058,1770963,1689095
1-Apr-91,13,3445345,1763484,1681861
1-Apr-91,14,3364774,1725581,1639193
1-Apr-91,15,3321334,1705395,1615939
1-Apr-91,16,3359714,1730985,1628729
1-Apr-91,17,3368558,1737237,1631321
1-Apr-91,18,3390056,1720428,1669628
1-Apr-91,19,3777901,1889531,1888370
1-Apr-91,20,3995800,1990459,2005341
1-Apr-91,21,3796717,1889630,1907087
1-Apr-91,22,3622879,1804903,1817976
1-Apr-91,23,3555245,1771023,1784222
1-Apr-91,24,3735346,1857408,1877938
1-Apr-91,25,3829710,1903671,1926039
1-Apr-91,26,4040483,1996678,2043805
1-Apr-91,27,4197313,2082229,2115084
1-Apr-91,28,4045618,2000487,2045131
1-Apr-91,29,4512362,2237464,2274898
1-Apr-91,30,4477636,2214034,2263602
1-Apr-91,31,4350878,2150240,2200638
1-Apr-91,32,4352374,2147242,2205132
1-Apr-91,33,4353875,2143903,2209972
1-Apr-91,34,4408710,2185476,2223234
1-Apr-91,35,4297648,2120508,2177140
1-Apr-91,36,4129509,2032814,2096695
1-Apr-91,37,4049987,1989745,2060242
1-Apr-91,38,3755015,1840836,1914179
1-Apr-91,39,4059064,2003279,2055785
1-Apr-91,40,3771934,1853222,1918712
1-Apr-91,41,3644990,1786602,1858388
1-Apr-91,42,3606668,1769387,1837281
1-Apr-91,43,3646858,1784475,1862383
1-Apr-91,44,3759336,1861092,1898244
1-Apr-91,45,2807497,1375710,1431787
1-Apr-91,46,2805926,1373446,1432480
1-Apr-91,47,2894904,1414055,1480849
1-Apr-91,48,2805774,1371249,1434525
1-Apr-91,49,2718184,1331210,1386974
1-Apr-91,50,2498767,1219076,1279691
1-Apr-91,51,2319022,1128796,1190226
1-Apr-91,52,2311504,1122755,1188749
1-Apr-91,53,2265582,1097743,1167839
1-Apr-91,54,2189645,1058695,1130950
1-Apr-91,55,2138170,1027801,1110369
1-Apr-91,56,2188633,1051411,1137222
1-Apr-91,57,2041514,977867,1063647
1-Apr-91,58,1959518,933262,1026256
1-Apr-91,59,2120829,1008637,1112192
1-Apr-91,60,2137646,1001363,1136283
1-Apr-91,61,2097909,995052,1102857
1-Apr-91,62,2092813,976870,1115943
1-Apr-91,63,2157453,1009550,1147903
1-Apr-91,64,2125205,973486,1151719
1-Apr-91,65,2070755,939668,1131087
1-Apr-91,66,2073343,936156,1137187
1-Apr-91,67,2020898,908368,1112530
1-Apr-91,68,1911675,848952,1062723
1-Apr-91,69,1975541,870775,1104766
1-Apr-91,70,1863538,818990,1044548
1-Apr-91,71,1707808,739452,968356
1-Apr-91,72,1640755,706384,934371
1-Apr-91,73,1511856,634302,877554
1-Apr-91,74,1465819,610503,855316
1-Apr-91,75,1407170,575953,831217
1-Apr-91,76,1331196,536914,794282
1-Apr-91,77,1239235,486918,752317
1-Apr-91,78,1196545,457650,738895
1-Apr-91,79,1072676,405527,667149
1-Apr-91,80,966479,348512,617967
1-Apr-91,81,881078,314251,566827
1-Apr-91,82,799491,278009,521482
1-Apr-91,83,734210,246377,487833
1-Apr-91,84,635848,207088,428760
1-Apr-91,85,541268,170321,370947
1-Apr-91,86,499643,151993,347650
1-Apr-91,87,416249,122548,293701
1-Apr-91,88,351180,99569,251611
1-Apr-91,89,285315,78769,206546
1-Apr-91,90,261822,68602,193220
1-Apr-91,91,190250,47699,142551
1-Apr-91,92,147174,34889,112285
1-Apr-91,93,117421,27030,90391
1-Apr-91,94,93849,20865,72984
1-Apr-91,95,72563,15579,56984
1-Apr-91,96,52626,11057,41569
1-Apr-91,97,38199,7746,30453
1-Apr-91,98,27877,5508,22369
1-Apr-91,99,18678,3599,15079
1-Apr-91,100+,38390,7944,30446
,,,,
1-May-91,All Age,250781931,121674093,129107838
1-May-91,0,4019480,2056549,1962931
1-May-91,1,3928129,2009460,1918669
1-May-91,2,3785784,1938583,1847201
1-May-91,3,3710678,1897862,1812816
1-May-91,4,3704634,1895561,1809073
1-May-91,5,3711274,1901351,1809923
1-May-91,6,3656163,1870419,1785744
1-May-91,7,3591521,1837789,1753732
1-May-91,8,3540488,1811651,1728837
1-May-91,9,3739874,1916515,1823359
1-May-91,10,3725346,1910638,1814708
1-May-91,11,3639100,1863631,1775469
1-May-91,12,3476863,1779690,1697173
1-May-91,13,3437833,1759622,1678211
1-May-91,14,3385074,1736037,1649037
1-May-91,15,3316104,1702649,1613455
1-May-91,16,3366209,1734388,1631821
1-May-91,17,3368292,1737092,1631200
1-May-91,18,3386586,1719769,1666817
1-May-91,19,3750733,1877354,1873379
1-May-91,20,3991781,1988348,2003433
1-May-91,21,3807838,1895102,1912736
1-May-91,22,3631696,1809119,1822577
1-May-91,23,3561164,1774280,1786884
1-May-91,24,3719737,1850119,1869618
1-May-91,25,3825485,1901418,1924067
1-May-91,26,4029185,1991749,2037436
1-May-91,27,4189885,2078153,2111732
1-May-91,28,4044940,2000445,2044495
1-May-91,29,4513365,2238353,2275012
1-May-91,30,4472396,2211691,2260705
1-May-91,31,4366022,2158239,2207783
1-May-91,32,4355274,2149026,2206248
1-May-91,33,4351818,2143045,2208773
1-May-91,34,4434022,2198426,2235596
1-May-91,35,4296473,2120040,2176433
1-May-91,36,4142610,2039767,2102843
1-May-91,37,4069466,1999658,2069808
1-May-91,38,3751072,1838877,1912195
1-May-91,39,4061606,2004457,2057149
1-May-91,40,3794239,1864221,1930018
1-May-91,41,3649592,1789424,1860168
1-May-91,42,3594918,1763464,1831454
1-May-91,43,3634354,1778199,1856155
1-May-91,44,3832505,1897099,1935406
1-May-91,45,2809632,1377207,1432425
1-May-91,46,2814500,1377758,1436742
1-May-91,47,2872303,1402842,1469461
1-May-91,48,2829325,1382668,1446657
1-May-91,49,2719286,1331835,1387451
1-May-91,50,2511122,1225230,1285892
1-May-91,51,2328370,1133464,1194906
1-May-91,52,2310442,1122255,1188187
1-May-91,53,2271871,1100822,1171049
1-May-91,54,2195328,1061589,1133739
1-May-91,55,2138381,1028071,1110310
1-May-91,56,2190180,1052038,1138142
1-May-91,57,2049314,981770,1067544
1-May-91,58,1959441,933562,1025879
1-May-91,59,2108537,1002787,1105750
1-May-91,60,2136131,1001056,1135075
1-May-91,61,2099444,995207,1104237
1-May-91,62,2089388,976107,1113281
1-May-91,63,2154414,1008083,1146331
1-May-91,64,2128301,975951,1152350
1-May-91,65,2070328,939571,1130757
1-May-91,66,2071384,935147,1136237
1-May-91,67,2023116,909415,1113701
1-May-91,68,1911990,849363,1062627
1-May-91,69,1969924,868191,1101733
1-May-91,70,1871704,822545,1049159
1-May-91,71,1714564,743027,971537
1-May-91,72,1642290,707191,935099
1-May-91,73,1516325,636762,879563
1-May-91,74,1465749,610393,855356
1-May-91,75,1407789,576536,831253
1-May-91,76,1333472,538032,795440
1-May-91,77,1241487,488284,753203
1-May-91,78,1197499,458186,739313
1-May-91,79,1077187,407242,669945
1-May-91,80,968923,349965,618958
1-May-91,81,882234,314372,567862
1-May-91,82,800770,278659,522111
1-May-91,83,735372,246873,488499
1-May-91,84,638619,208072,430547
1-May-91,85,542551,170795,371756
1-May-91,86,499461,151931,347530
1-May-91,87,418885,123327,295558
1-May-91,88,353061,100066,252995
1-May-91,89,286238,78996,207242
1-May-91,90,261507,68561,192946
1-May-91,91,193313,48489,144824
1-May-91,92,147871,35069,112802
1-May-91,93,117694,27036,90658
1-May-91,94,93978,20875,73103
1-May-91,95,72777,15597,57180
1-May-91,96,53012,11106,41906
1-May-91,97,38327,7759,30568
1-May-91,98,27974,5513,22461
1-May-91,99,18730,3589,15141
1-May-91,100+,38508,7927,30581
,,,,
1-Jun-91,All Age,251090518,121836432,129254086
1-Jun-91,0,4018238,2055849,1962389
1-Jun-91,1,3945384,2018152,1927232
1-Jun-91,2,3796231,1943944,1852287
1-Jun-91,3,3716040,1900717,1815323
1-Jun-91,4,3708533,1897551,1810982
1-Jun-91,5,3708859,1899957,1808902
1-Jun-91,6,3675584,1880644,1794940
1-Jun-91,7,3588336,1836025,1752311
1-Jun-91,8,3539460,1811293,1728167
1-Jun-91,9,3753406,1923306,1830100
1-Jun-91,10,3717934,1906839,1811095
1-Jun-91,11,3656606,1872663,1783943
1-Jun-91,12,3493453,1788324,1705129
1-Jun-91,13,3434501,1757911,1676590
1-Jun-91,14,3410050,1748926,1661124
1-Jun-91,15,3308436,1698670,1609766
1-Jun-91,16,3373022,1737987,1635035
1-Jun-91,17,3371875,1738937,1632938
1-Jun-91,18,3374335,1714544,1659791
1-Jun-91,19,3740595,1873249,1867346
1-Jun-91,20,3972719,1978213,1994506
1-Jun-91,21,3824916,1903908,1921008
1-Jun-91,22,3632854,1810024,1822830
1-Jun-91,23,3562899,1775900,1786999
1-Jun-91,24,3719631,1850987,1868644
1-Jun-91,25,3813629,1895494,1918135
1-Jun-91,26,4018462,1987261,2031201
1-Jun-91,27,4185399,2075639,2109760
1-Jun-91,28,4048558,2002607,2045951
1-Jun-91,29,4514931,2239609,2275322
1-Jun-91,30,4468648,2210066,2258582
1-Jun-91,31,4380959,2166152,2214807
1-Jun-91,32,4347964,2145680,2202284
1-Jun-91,33,4352721,2143686,2209035
1-Jun-91,34,4466815,2215049,2251766
1-Jun-91,35,4284533,2114205,2170328
1-Jun-91,36,4159339,2048523,2110816
1-Jun-91,37,4081814,2006019,2075795
1-Jun-91,38,3759270,1842903,1916367
1-Jun-91,39,4055252,2001239,2054013
1-Jun-91,40,3815604,1874788,1940816
1-Jun-91,41,3661546,1795942,1865604
1-Jun-91,42,3599871,1765761,1834110
1-Jun-91,43,3605387,1763843,1841544
1-Jun-91,44,3903955,1932230,1971725
1-Jun-91,45,2817807,1381743,1436064
1-Jun-91,46,2821282,1381220,1440062
1-Jun-91,47,2857888,1395663,1462225
1-Jun-91,48,2849915,1392617,1457298
1-Jun-91,49,2717270,1330998,1386272
1-Jun-91,50,2523987,1231654,1292333
1-Jun-91,51,2338135,1138363,1199772
1-Jun-91,52,2309440,1121795,1187645
1-Jun-91,53,2278485,1104084,1174401
1-Jun-91,54,2201302,1064654,1136648
1-Jun-91,55,2138701,1028414,1110287
1-Jun-91,56,2191899,1052757,1139142
1-Jun-91,57,2057531,985897,1071634
1-Jun-91,58,1959484,933957,1025527
1-Jun-91,59,2095976,996822,1099154
1-Jun-91,60,2134695,1000819,1133876
1-Jun-91,61,2101190,995474,1105716
1-Jun-91,62,2086012,975434,1110578
1-Jun-91,63,2151471,1006685,1144786
1-Jun-91,64,2131666,978586,1153080
1-Jun-91,65,2070079,939582,1130497
1-Jun-91,66,2069565,934225,1135340
1-Jun-91,67,2025621,910625,1114996
1-Jun-91,68,1912505,849897,1062608
1-Jun-91,69,1964446,865683,1098763
1-Jun-91,70,1880315,826320,1053995
1-Jun-91,71,1721710,746809,974901
1-Jun-91,72,1644176,708204,935972
1-Jun-91,73,1521128,639384,881744
1-Jun-91,74,1465888,610384,855504
1-Jun-91,75,1408726,577298,831428
1-Jun-91,76,1336041,539307,796734
1-Jun-91,77,1244055,489796,754259
1-Jun-91,78,1198719,458828,739891
1-Jun-91,79,1082087,409132,672955
1-Jun-91,80,971693,351577,620116
1-Jun-91,81,883636,314580,569056
1-Jun-91,82,802323,279416,522907
1-Jun-91,83,736738,247442,489296
1-Jun-91,84,641738,209183,432555
1-Jun-91,85,544047,171340,372707
1-Jun-91,86,499464,151928,347536
1-Jun-91,87,421744,124170,297574
1-Jun-91,88,355091,100596,254495
1-Jun-91,89,287314,79262,208052
1-Jun-91,90,261287,68540,192747
1-Jun-91,91,196497,49305,147192
1-Jun-91,92,148628,35258,113370
1-Jun-91,93,118014,27050,90964
1-Jun-91,94,94136,20885,73251
1-Jun-91,95,73026,15624,57402
1-Jun-91,96,53404,11152,42252
1-Jun-91,97,38472,7780,30692
1-Jun-91,98,28080,5518,22562
1-Jun-91,99,18789,3582,15207
1-Jun-91,100+,38646,7918,30728
,,,,
1-Jul-91,All Age,251370045,121976265,129393780
1-Jul-91,0,4003780,2047816,1955964
1-Jul-91,1,3953336,2022900,1930436
1-Jul-91,2,3806523,1949199,1857324
1-Jul-91,3,3722775,1904240,1818535
1-Jul-91,4,3721632,1904219,1817413
1-Jul-91,5,3707078,1898867,1808211
1-Jul-91,6,3686288,1886380,1799908
1-Jul-91,7,3583698,1833492,1750206
1-Jul-91,8,3537332,1810361,1726971
1-Jul-91,9,3766734,1929979,1836755
1-Jul-91,10,3712645,1904113,1808532
1-Jul-91,11,3678118,1883709,1794409
1-Jul-91,12,3504884,1794310,1710574
1-Jul-91,13,3432293,1756734,1675559
1-Jul-91,14,3428015,1758173,1669842
1-Jul-91,15,3311819,1700338,1611481
1-Jul-91,16,3380269,1741786,1638483
1-Jul-91,17,3368630,1737162,1631468
1-Jul-91,18,3372681,1714772,1657909
1-Jul-91,19,3720144,1864451,1855693
1-Jul-91,20,3948981,1965587,1983394
1-Jul-91,21,3842945,1912066,1930879
1-Jul-91,22,3634833,1809891,1824942
1-Jul-91,23,3561604,1774734,1786870
1-Jul-91,24,3717657,1850062,1867595
1-Jul-91,25,3798607,1887475,1911132
1-Jul-91,26,4002250,1979630,2022620
1-Jul-91,27,4187829,2076234,2111595
1-Jul-91,28,4056491,2006695,2049796
1-Jul-91,29,4508809,2236782,2272027
1-Jul-91,30,4464567,2208165,2256402
1-Jul-91,31,4389946,2171114,2218832
1-Jul-91,32,4350663,2147216,2203447
1-Jul-91,33,4345722,2140403,2205319
1-Jul-91,34,4483251,2223559,2259692
1-Jul-91,35,4293529,2118809,2174720
1-Jul-91,36,4166265,2052464,2113801
1-Jul-91,37,4088365,2009546,2078819
1-Jul-91,38,3770341,1848315,1922026
1-Jul-91,39,4067443,2007132,2060311
1-Jul-91,40,3810570,1872205,1938365
1-Jul-91,41,3688958,1810069,1878889
1-Jul-91,42,3613572,1772281,1841291
1-Jul-91,43,3573055,1747820,1825235
1-Jul-91,44,3964605,1961934,2002671
1-Jul-91,45,2832500,1389414,1443086
1-Jul-91,46,2822202,1381828,1440374
1-Jul-91,47,2848730,1391013,1457717
1-Jul-91,48,2869762,1402175,1467587
1-Jul-91,49,2726755,1335775,1390980
1-Jul-91,50,2536465,1237846,1298619
1-Jul-91,51,2347600,1143092,1204508
1-Jul-91,52,2308461,1121334,1187127
1-Jul-91,53,2284887,1107217,1177670
1-Jul-91,54,2207130,1067636,1139494
1-Jul-91,55,2139010,1028730,1110280
1-Jul-91,56,2193583,1053454,1140129
1-Jul-91,57,2065512,989896,1075616
1-Jul-91,58,1959559,934347,1025212
1-Jul-91,59,2083900,991080,1092820
1-Jul-91,60,2133374,1000602,1132772
1-Jul-91,61,2102955,995765,1107190
1-Jul-91,62,2082796,974789,1108007
1-Jul-91,63,2148721,1005378,1143343
1-Jul-91,64,2134987,981150,1153837
1-Jul-91,65,2069964,939636,1130328
1-Jul-91,66,2067884,933367,1134517
1-Jul-91,67,2028118,911822,1116296
1-Jul-91,68,1913084,850450,1062634
1-Jul-91,69,1959316,863307,1096009
1-Jul-91,70,1888676,829977,1058699
1-Jul-91,71,1728675,750485,978190
1-Jul-91,72,1646210,709295,936915
1-Jul-91,73,1525841,641914,883927
1-Jul-91,74,1466136,610424,855712
1-Jul-91,75,1409800,578107,831693
1-Jul-91,76,1338624,540583,798041
1-Jul-91,77,1246679,491298,755381
1-Jul-91,78,1200038,459478,740560
1-Jul-91,79,1086927,410982,675945
1-Jul-91,80,974484,353177,621307
1-Jul-91,81,885099,314802,570297
1-Jul-91,82,803943,280163,523780
1-Jul-91,83,738123,248003,490120
1-Jul-91,84,644864,210281,434583
1-Jul-91,85,545573,171880,373693
1-Jul-91,86,499551,151938,347613
1-Jul-91,87,424545,124984,299561
1-Jul-91,88,357082,101101,255981
1-Jul-91,89,288388,79513,208875
1-Jul-91,90,261108,68513,192595
1-Jul-91,91,199529,50066,149463
1-Jul-91,92,149367,35435,113932
1-Jul-91,93,118315,27055,91260
1-Jul-91,94,94284,20883,73401
1-Jul-91,95,73249,15641,57608
1-Jul-91,96,53757,11188,42569
1-Jul-91,97,38600,7792,30808
1-Jul-91,98,28166,5519,22647
1-Jul-91,99,18841,3578,15263
1-Jul-91,100+,38784,7918,30866
,,,,
1-Aug-91,All Age,251691300,122141376,129549924
1-Aug-91,0,4000681,2045686,1954995
1-Aug-91,1,3966243,2029717,1936526
1-Aug-91,2,3816293,1954173,1862120
1-Aug-91,3,3730674,1908397,1822277
1-Aug-91,4,3724452,1905616,1818836
1-Aug-91,5,3707165,1898701,1808464
1-Aug-91,6,3696171,1891706,1804465
1-Aug-91,7,3591127,1837129,1753998
1-Aug-91,8,3529227,1806362,1722865
1-Aug-91,9,3773567,1933330,1840237
1-Aug-91,10,3705426,1900383,1805043
1-Aug-91,11,3700634,1895304,1805330
1-Aug-91,12,3521555,1802947,1718608
1-Aug-91,13,3436487,1758882,1677605
1-Aug-91,14,3443373,1766072,1677301
1-Aug-91,15,3311906,1700353,1611553
1-Aug-91,16,3382361,1742875,1639486
1-Aug-91,17,3374681,1740410,1634271
1-Aug-91,18,3368469,1711567,1656902
1-Aug-91,19,3697982,1854260,1843722
1-Aug-91,20,3917858,1949992,1967866
1-Aug-91,21,3863938,1922620,1941318
1-Aug-91,22,3646086,1816116,1829970
1-Aug-91,23,3564484,1776558,1787926
1-Aug-91,24,3718158,1850899,1867259
1-Aug-91,25,3777791,1876893,1900898
1-Aug-91,26,3986276,1972495,2013781
1-Aug-91,27,4187760,2075846,2111914
1-Aug-91,28,4058428,2007937,2050491
1-Aug-91,29,4508105,2236815,2271290
1-Aug-91,30,4447629,2199971,2247658
1-Aug-91,31,4411295,2182192,2229103
1-Aug-91,32,4361194,2152526,2208668
1-Aug-91,33,4328483,2131957,2196526
1-Aug-91,34,4496231,2230289,2265942
1-Aug-91,35,4308282,2126162,2182120
1-Aug-91,36,4171094,2055316,2115778
1-Aug-91,37,4094444,2012861,2081583
1-Aug-91,38,3779331,1852654,1926677
1-Aug-91,39,4094089,2020374,2073715
1-Aug-91,40,3804296,1869086,1935210
1-Aug-91,41,3706365,1819376,1886989
1-Aug-91,42,3618866,1774746,1844120
1-Aug-91,43,3564508,1743468,1821040
1-Aug-91,44,3997467,1977976,2019491
1-Aug-91,45,2873753,1410220,1463533
1-Aug-91,46,2816392,1379204,1437188
1-Aug-91,47,2844682,1388877,1455805
1-Aug-91,48,2886414,1410201,1476213
1-Aug-91,49,2759545,1352351,1407194
1-Aug-91,50,2538081,1238278,1299803
1-Aug-91,51,2361311,1150103,1211208
1-Aug-91,52,2307175,1120713,1186462
1-Aug-91,53,2290230,1109834,1180396
1-Aug-91,54,2217580,1072888,1144692
1-Aug-91,55,2136924,1027856,1109068
1-Aug-91,56,2192310,1052772,1139538
1-Aug-91,57,2079885,996927,1082958
1-Aug-91,58,1953561,931836,1021725
1-Aug-91,59,2082082,990383,1091699
1-Aug-91,60,2123420,996091,1127329
1-Aug-91,61,2105959,996683,1109276
1-Aug-91,62,2082100,975363,1106737
1-Aug-91,63,2142147,1002304,1139843
1-Aug-91,64,2141558,985070,1156488
1-Aug-91,65,2068946,939366,1129580
1-Aug-91,66,2064220,931743,1132477
1-Aug-91,67,2031382,913319,1118063
1-Aug-91,68,1914531,851475,1063056
1-Aug-91,69,1952902,860326,1092576
1-Aug-91,70,1894417,832513,1061904
1-Aug-91,71,1738077,755130,982947
1-Aug-91,72,1647812,710339,937473
1-Aug-91,73,1530779,644575,886204
1-Aug-91,74,1467397,610828,856569
1-Aug-91,75,1410955,578963,831992
1-Aug-91,76,1340192,541579,798613
1-Aug-91,77,1250540,493211,757329
1-Aug-91,78,1200433,460060,740373
1-Aug-91,79,1092649,413040,679609
1-Aug-91,80,976341,354717,621624
1-Aug-91,81,887435,315319,572116
1-Aug-91,82,805578,280931,524647
1-Aug-91,83,739401,248621,490780
1-Aug-91,84,648302,211482,436820
1-Aug-91,85,546792,172402,374390
1-Aug-91,86,499129,151845,347284
1-Aug-91,87,427966,126021,301945
1-Aug-91,88,358776,101621,257155
1-Aug-91,89,291031,80171,210860
1-Aug-91,90,259276,68144,191132
1-Aug-91,91,203599,51108,152491
1-Aug-91,92,150250,35707,114543
1-Aug-91,93,118819,27115,91704
1-Aug-91,94,94533,20934,73599
1-Aug-91,95,73487,15683,57804
1-Aug-91,96,54265,11261,43004
1-Aug-91,97,38818,7830,30988
1-Aug-91,98,28260,5527,22733
1-Aug-91,99,19067,3623,15444
1-Aug-91,100+,38902,7898,31004
,,,,
1-Sep-91,All Age,252028965,122317952,129711013
1-Sep-91,0,3995163,2042360,1952803
1-Sep-91,1,3974436,2033976,1940460
1-Sep-91,2,3828103,1960198,1867905
1-Sep-91,3,3751043,1918944,1832099
1-Sep-91,4,3722967,1904824,1818143
1-Sep-91,5,3703576,1896633,1806943
1-Sep-91,6,3699635,1893761,1805874
1-Sep-91,7,3602187,1842631,1759556
1-Sep-91,8,3526277,1805014,1721263
1-Sep-91,9,3777329,1935104,1842225
1-Sep-91,10,3700554,1897849,1802705
1-Sep-91,11,3717535,1904026,1813509
1-Sep-91,12,3536859,1810894,1725965
1-Sep-91,13,3440612,1760977,1679635
1-Sep-91,14,3462119,1775715,1686404
1-Sep-91,15,3316763,1702810,1613953
1-Sep-91,16,3377290,1740288,1637002
1-Sep-91,17,3381459,1743983,1637476
1-Sep-91,18,3360366,1706583,1653783
1-Sep-91,19,3678951,1845812,1833139
1-Sep-91,20,3894406,1938422,1955984
1-Sep-91,21,3883814,1932892,1950922
1-Sep-91,22,3657589,1822893,1834696
1-Sep-91,23,3567659,1778802,1788857
1-Sep-91,24,3711645,1848455,1863190
1-Sep-91,25,3764626,1870363,1894263
1-Sep-91,26,3978146,1969479,2008667
1-Sep-91,27,4177262,2070392,2106870
1-Sep-91,28,4052051,2005187,2046864
1-Sep-91,29,4512648,2239541,2273107
1-Sep-91,30,4423571,2188389,2235182
1-Sep-91,31,4445819,2200029,2245790
1-Sep-91,32,4370903,2157685,2213218
1-Sep-91,33,4317724,2126693,2191031
1-Sep-91,34,4497442,2231259,2266183
1-Sep-91,35,4322854,2133538,2189316
1-Sep-91,36,4185418,2062948,2122470
1-Sep-91,37,4103292,2017646,2085646
1-Sep-91,38,3785541,1855735,1929806
1-Sep-91,39,4120198,2033386,2086812
1-Sep-91,40,3793807,1864018,1929789
1-Sep-91,41,3729747,1831681,1898066
1-Sep-91,42,3615666,1773075,1842591
1-Sep-91,43,3567601,1744964,1822637
1-Sep-91,44,4004684,1981295,2023389
1-Sep-91,45,2939812,1443318,1496494
1-Sep-91,46,2814154,1378381,1435773
1-Sep-91,47,2837050,1385026,1452024
1-Sep-91,48,2895270,1414414,1480856
1-Sep-91,49,2803396,1374392,1429004
1-Sep-91,50,2539727,1238722,1301005
1-Sep-91,51,2375069,1157156,1217913
1-Sep-91,52,2305930,1120121,1185809
1-Sep-91,53,2295600,1112479,1183121
1-Sep-91,54,2228049,1078150,1149899
1-Sep-91,55,2134882,1027007,1107875
1-Sep-91,56,2191087,1052126,1138961
1-Sep-91,57,2094242,1003944,1090298
1-Sep-91,58,1947641,929366,1018275
1-Sep-91,59,2080309,989703,1090606
1-Sep-91,60,2113512,991600,1121912
1-Sep-91,61,2109034,997633,1111401
1-Sep-91,62,2081462,975989,1105473
1-Sep-91,63,2135674,999273,1136401
1-Sep-91,64,2148223,989034,1159189
1-Sep-91,65,2068014,939140,1128874
1-Sep-91,66,2060655,930161,1130494
1-Sep-91,67,2034765,914861,1119904
1-Sep-91,68,1916068,852542,1063526
1-Sep-91,69,1946631,857415,1089216
1-Sep-91,70,1900242,835088,1065154
1-Sep-91,71,1747507,759769,987738
1-Sep-91,72,1649639,711490,938149
1-Sep-91,73,1535797,647267,888530
1-Sep-91,74,1468722,611259,857463
1-Sep-91,75,1412297,579885,832412
1-Sep-91,76,1341926,542642,799284
1-Sep-91,77,1254510,495153,759357
1-Sep-91,78,1200971,460667,740304
1-Sep-91,79,1098438,415109,683329
1-Sep-91,80,978363,356294,622069
1-Sep-91,81,889873,315849,574024
1-Sep-91,82,807350,281725,525625
1-Sep-91,83,740829,249271,491558
1-Sep-91,84,651767,212674,439093
1-Sep-91,85,548103,172931,375172
1-Sep-91,86,498808,151759,347049
1-Sep-91,87,431432,127057,304375
1-Sep-91,88,360518,102135,258383
1-Sep-91,89,293701,80822,212879
1-Sep-91,90,257527,67781,189746
1-Sep-91,91,207623,52120,155503
1-Sep-91,92,151145,35970,115175
1-Sep-91,93,119323,27168,92155
1-Sep-91,94,94783,20978,73805
1-Sep-91,95,73715,15713,58002
1-Sep-91,96,54761,11329,43432
1-Sep-91,97,39029,7866,31163
1-Sep-91,98,28349,5529,22820
1-Sep-91,99,19272,3660,15612
1-Sep-91,100+,39052,7890,31162
,,,,
1-Oct-91,All Age,252364964,122497641,129867323
1-Oct-91,0,3991341,2040055,1951286
1-Oct-91,1,3978147,2035692,1942455
1-Oct-91,2,3838000,1965243,1872757
1-Oct-91,3,3761789,1924572,1837217
1-Oct-91,4,3723742,1905189,1818553
1-Oct-91,5,3705441,1897378,1808063
1-Oct-91,6,3706283,1897427,1808856
1-Oct-91,7,3613989,1848538,1765451
1-Oct-91,8,3516489,1800158,1716331
1-Oct-91,9,3788393,1940645,1847748
1-Oct-91,10,3688265,1891509,1796756
1-Oct-91,11,3743174,1917223,1825951
1-Oct-91,12,3549698,1817569,1732129
1-Oct-91,13,3442437,1761909,1680528
1-Oct-91,14,3473151,1781404,1691747
1-Oct-91,15,3328541,1708825,1619716
1-Oct-91,16,3368487,1735797,1632690
1-Oct-91,17,3396267,1751646,1644621
1-Oct-91,18,3347261,1699193,1648068
1-Oct-91,19,3655891,1835468,1820423
1-Oct-91,20,3868354,1925753,1942601
1-Oct-91,21,3914249,1948743,1965506
1-Oct-91,22,3666914,1828726,1838188
1-Oct-91,23,3569698,1780591,1789107
1-Oct-91,24,3702621,1844881,1857740
1-Oct-91,25,3752790,1864673,1888117
1-Oct-91,26,3966278,1964706,2001572
1-Oct-91,27,4169866,2066678,2103188
1-Oct-91,28,4053724,2006594,2047130
1-Oct-91,29,4514708,2241143,2273565
1-Oct-91,30,4396875,2175639,2221236
1-Oct-91,31,4478622,2217077,2261545
1-Oct-91,32,4367208,2156341,2210867
1-Oct-91,33,4322507,2129274,2193233
1-Oct-91,34,4503105,2234597,2268508
1-Oct-91,35,4334495,2139572,2194923
1-Oct-91,36,4199273,2070473,2128800
1-Oct-91,37,4116540,2024696,2091844
1-Oct-91,38,3790128,1858101,1932027
1-Oct-91,39,4144845,2045765,2099080
1-Oct-91,40,3788479,1861545,1926934
1-Oct-91,41,3753101,1843998,1909103
1-Oct-91,42,3610926,1770712,1840214
1-Oct-91,43,3571829,1747061,1824768
1-Oct-91,44,3989007,1973240,2015767
1-Oct-91,45,3025929,1486403,1539526
1-Oct-91,46,2820511,1381743,1438768
1-Oct-91,47,2823836,1378471,1445365
1-Oct-91,48,2887147,1410334,1476813
1-Oct-91,49,2862456,1403964,1458492
1-Oct-91,50,2541359,1239174,1302185
1-Oct-91,51,2388440,1164034,1224406
1-Oct-91,52,2304757,1119584,1185173
1-Oct-91,53,2300836,1115059,1185777
1-Oct-91,54,2238236,1083282,1154954
1-Oct-91,55,2132999,1026248,1106751
1-Oct-91,56,2189968,1051544,1138424
1-Oct-91,57,2108163,1010764,1097399
1-Oct-91,58,1941981,927023,1014958
1-Oct-91,59,2078641,989081,1089560
1-Oct-91,60,2104029,987319,1116710
1-Oct-91,61,2112055,998589,1113466
1-Oct-91,62,2080929,976657,1104272
1-Oct-91,63,2129456,996375,1133081
1-Oct-91,64,2154809,992953,1161856
1-Oct-91,65,2067156,938946,1128210
1-Oct-91,66,2057262,928671,1128591
1-Oct-91,67,2038132,916401,1121731
1-Oct-91,68,1917600,853627,1063973
1-Oct-91,69,1940639,854663,1085976
1-Oct-91,70,1905901,837603,1068298
1-Oct-91,71,1756592,764237,992355
1-Oct-91,72,1651533,712684,938849
1-Oct-91,73,1540655,649904,890751
1-Oct-91,74,1470020,611708,858312
1-Oct-91,75,1413631,580811,832820
1-Oct-91,76,1343673,543728,799945
1-Oct-91,77,1258340,497032,761308
1-Oct-91,78,1201497,461265,740232
1-Oct-91,79,1103998,417117,686881
1-Oct-91,80,980347,357838,622509
1-Oct-91,81,892194,316359,575835
1-Oct-91,82,809073,282506,526567
1-Oct-91,83,742230,249920,492310
1-Oct-91,84,654991,213773,441218
1-Oct-91,85,549341,173432,375909
1-Oct-91,86,498470,151671,346799
1-Oct-91,87,434699,128029,306670
1-Oct-91,88,362157,102625,259532
1-Oct-91,89,296195,81433,214762
1-Oct-91,90,255843,67437,188406
1-Oct-91,91,211377,53057,158320
1-Oct-91,92,151958,36214,115744
1-Oct-91,93,119766,27214,92552
1-Oct-91,94,94979,21013,73966
1-Oct-91,95,73877,15726,58151
1-Oct-91,96,55193,11386,43807
1-Oct-91,97,39196,7896,31300
1-Oct-91,98,28404,5520,22884
1-Oct-91,99,19446,3695,15751
1-Oct-91,100+,39134,7880,31254
,,,,
1-Nov-91,All Age,252662636,122653080,130009556
1-Nov-91,0,3988144,2037377,1950767
1-Nov-91,1,3985153,2039413,1945740
1-Nov-91,2,3853090,1972945,1880145
1-Nov-91,3,3765232,1926472,1838760
1-Nov-91,4,3731325,1909024,1822301
1-Nov-91,5,3700531,1894669,1805862
1-Nov-91,6,3709796,1899532,1810264
1-Nov-91,7,3629636,1856389,1773247
1-Nov-91,8,3509869,1796923,1712946
1-Nov-91,9,3797984,1945429,1852555
1-Nov-91,10,3674558,1884466,1790092
1-Nov-91,11,3761297,1926573,1834724
1-Nov-91,12,3565043,1825521,1739522
1-Nov-91,13,3445552,1763522,1682030
1-Nov-91,14,3482096,1786058,1696038
1-Nov-91,15,3341789,1715586,1626203
1-Nov-91,16,3356863,1729855,1627008
1-Nov-91,17,3414377,1761452,1652925
1-Nov-91,18,3339765,1696217,1643548
1-Nov-91,19,3632612,1824670,1807942
1-Nov-91,20,3843297,1913688,1929609
1-Nov-91,21,3934408,1958757,1975651
1-Nov-91,22,3674826,1832819,1842007
1-Nov-91,23,3573453,1782736,1790717
1-Nov-91,24,3694633,1841600,1853033
1-Nov-91,25,3746410,1861483,1884927
1-Nov-91,26,3947610,1956209,1991401
1-Nov-91,27,4162682,2062881,2099801
1-Nov-91,28,4051599,2005835,2045764
1-Nov-91,29,4518431,2243400,2275031
1-Nov-91,30,4380090,2167608,2212482
1-Nov-91,31,4501336,2228810,2272526
1-Nov-91,32,4359332,2152855,2206477
1-Nov-91,33,4322076,2129100,2192976
1-Nov-91,34,4512954,2239866,2273088
1-Nov-91,35,4348726,2146773,2201953
1-Nov-91,36,4210969,2076777,2134192
1-Nov-91,37,4136215,2034656,2101559
1-Nov-91,38,3788225,1857255,1930970
1-Nov-91,39,4161020,2053753,2107267
1-Nov-91,40,3787096,1860886,1926210
1-Nov-91,41,3772793,1854383,1918410
1-Nov-91,42,3609944,1770060,1839884
1-Nov-91,43,3572894,1747538,1825356
1-Nov-91,44,3958342,1957744,2000598
1-Nov-91,45,3130303,1538372,1591931
1-Nov-91,46,2822442,1382857,1439585
1-Nov-91,47,2816172,1374559,1441613
1-Nov-91,48,2864444,1399054,1465390
1-Nov-91,49,2917940,1431715,1486225
1-Nov-91,50,2547856,1242033,1305823
1-Nov-91,51,2398975,1169296,1229679
1-Nov-91,52,2305043,1119728,1185315
1-Nov-91,53,2305601,1117424,1188177
1-Nov-91,54,2250331,1089307,1161024
1-Nov-91,55,2131804,1025808,1105996
1-Nov-91,56,2185984,1049502,1136482
1-Nov-91,57,2124191,1018536,1105655
1-Nov-91,58,1936111,924565,1011546
1-Nov-91,59,2078518,989237,1089281
1-Nov-91,60,2094685,983014,1111671
1-Nov-91,61,2111730,997881,1113849
1-Nov-91,62,2081997,978155,1103842
1-Nov-91,63,2122692,993133,1129559
1-Nov-91,64,2160829,996571,1164258
1-Nov-91,65,2067110,939176,1127934
1-Nov-91,66,2052214,926486,1125728
1-Nov-91,67,2040601,917499,1123102
1-Nov-91,68,1920020,854950,1065070
1-Nov-91,69,1934399,851849,1082550
1-Nov-91,70,1909384,838964,1070420
1-Nov-91,71,1766727,769439,997288
1-Nov-91,72,1653159,713558,939601
1-Nov-91,73,1544852,652181,892671
1-Nov-91,74,1471815,612284,859531
1-Nov-91,75,1415003,581719,833284
1-Nov-91,76,1344420,544359,800061
1-Nov-91,77,1262138,498920,763218
1-Nov-91,78,1201553,461590,739963
1-Nov-91,79,1109429,418931,690498
1-Nov-91,80,981490,359008,622482
1-Nov-91,81,893907,316727,577180
1-Nov-91,82,810810,283189,527621
1-Nov-91,83,743112,250314,492798
1-Nov-91,84,658192,214820,443372
1-Nov-91,85,550348,173856,376492
1-Nov-91,86,497488,151352,346136
1-Nov-91,87,437637,128862,308775
1-Nov-91,88,363537,103020,260517
1-Nov-91,89,298933,82050,216883
1-Nov-91,90,253657,66931,186726
1-Nov-91,91,214538,53830,160708
1-Nov-91,92,153097,36536,116561
1-Nov-91,93,120173,27240,92933
1-Nov-91,94,95083,21006,74077
1-Nov-91,95,73919,15711,58208
1-Nov-91,96,55564,11423,44141
1-Nov-91,97,39379,7919,31460
1-Nov-91,98,28437,5508,22929
1-Nov-91,99,19628,3726,15902
1-Nov-91,100+,39162,7835,31327
,,,,
1-Dec-91,All Age,252922288,122788524,130133764
1-Dec-91,0,3978239,2032048,1946191
1-Dec-91,1,3990851,2042033,1948818
1-Dec-91,2,3866444,1979757,1886687
1-Dec-91,3,3771791,1929953,1841838
1-Dec-91,4,3744564,1915760,1828804
1-Dec-91,5,3691336,1889773,1801563
1-Dec-91,6,3716166,1903065,1813101
1-Dec-91,7,3635598,1859284,1776314
1-Dec-91,8,3506218,1795207,1711011
1-Dec-91,9,3807538,1950201,1857337
1-Dec-91,10,3665143,1879603,1785540
1-Dec-91,11,3772628,1932437,1840191
1-Dec-91,12,3578702,1832582,1746120
1-Dec-91,13,3451180,1766403,1684777
1-Dec-91,14,3488774,1789514,1699260
1-Dec-91,15,3358108,1723897,1634211
1-Dec-91,16,3349608,1726141,1623467
1-Dec-91,17,3422674,1766153,1656521
1-Dec-91,18,3329512,1691785,1637727
1-Dec-91,19,3620097,1819208,1800889
1-Dec-91,20,3810724,1897717,1913007
1-Dec-91,21,3954408,1968637,1985771
1-Dec-91,22,3680143,1835569,1844574
1-Dec-91,23,3583693,1788081,1795612
1-Dec-91,24,3683584,1836713,1846871
1-Dec-91,25,3742188,1859338,1882850
1-Dec-91,26,3934257,1950381,1983876
1-Dec-91,27,4159184,2060921,2098263
1-Dec-91,28,4045850,2003211,2042639
1-Dec-91,29,4520188,2244613,2275575
1-Dec-91,30,4361202,2158460,2202742
1-Dec-91,31,4524679,2240878,2283801
1-Dec-91,32,4356559,2151860,2204699
1-Dec-91,33,4322480,2129314,2193166
1-Dec-91,34,4520299,2243879,2276420
1-Dec-91,35,4354119,2149556,2204563
1-Dec-91,36,4221142,2082301,2138841
1-Dec-91,37,4152995,2043176,2109819
1-Dec-91,38,3793289,1859780,1933509
1-Dec-91,39,4180431,2063354,2117077
1-Dec-91,40,3781161,1857962,1923199
1-Dec-91,41,3792333,1864630,1927703
1-Dec-91,42,3605750,1767806,1837944
1-Dec-91,43,3576711,1749381,1827330
1-Dec-91,44,3914214,1935590,1978624
1-Dec-91,45,3240728,1593278,1647450
1-Dec-91,46,2818105,1380869,1437236
1-Dec-91,47,2820135,1376331,1443804
1-Dec-91,48,2842020,1387901,1454119
1-Dec-91,49,2960944,1453305,1507639
1-Dec-91,50,2554102,1244779,1309323
1-Dec-91,51,2409168,1174384,1234784
1-Dec-91,52,2305244,1119828,1185416
1-Dec-91,53,2310163,1119690,1190473
1-Dec-91,54,2262004,1095118,1166886
1-Dec-91,55,2130596,1025360,1105236
1-Dec-91,56,2182086,1047496,1134590
1-Dec-91,57,2139609,1026000,1113609
1-Dec-91,58,1930391,922159,1008232
1-Dec-91,59,2078331,989343,1088988
1-Dec-91,60,2085604,978807,1106797
1-Dec-91,61,2111360,997169,1114191
1-Dec-91,62,2082970,979572,1103398
1-Dec-91,63,2116052,989941,1126111
1-Dec-91,64,2166584,1000020,1166564
1-Dec-91,65,2066963,939323,1127640
1-Dec-91,66,2047240,924331,1122909
1-Dec-91,67,2042853,918477,1124376
1-Dec-91,68,1922247,856165,1066082
1-Dec-91,69,1928282,849066,1079216
1-Dec-91,70,1912554,840161,1072393
1-Dec-91,71,1776462,774425,1002037
1-Dec-91,72,1654503,714288,940215
1-Dec-91,73,1548776,654317,894459
1-Dec-91,74,1473364,612725,860639
1-Dec-91,75,1416158,582518,833640
1-Dec-91,76,1345022,544879,800143
1-Dec-91,77,1265595,500635,764960
1-Dec-91,78,1201432,461790,739642
1-Dec-91,79,1114415,420549,693866
1-Dec-91,80,982440,360056,622384
1-Dec-91,81,895355,316966,578389
1-Dec-91,82,812258,283732,528526
1-Dec-91,83,743758,250595,493163
1-Dec-91,84,661101,215729,445372
1-Dec-91,85,551118,174169,376949
1-Dec-91,86,496368,150972,345396
1-Dec-91,87,440231,129562,310669
1-Dec-91,88,364668,103324,261344
1-Dec-91,89,301359,82567,218792
1-Dec-91,90,251431,66395,185036
1-Dec-91,91,217357,54492,162865
1-Dec-91,92,154042,36798,117244
1-Dec-91,93,120445,27237,93208
1-Dec-91,94,95072,20969,74103
1-Dec-91,95,73868,15669,58199
1-Dec-91,96,55828,11437,44391
1-Dec-91,97,39491,7926,31565
1-Dec-91,98,28410,5485,22925
1-Dec-91,99,19763,3748,16015
1-Dec-91,100+,39109,7785,31324
Intercensal Estimates of the United States Civilian Population by Age and Sex: 1992,,,,
,,,,
1-Jan-92,All Age,253190876,122932357,130258519
1-Jan-92,0,3980519,2033157,1947362
1-Jan-92,1,3990085,2041571,1948514
1-Jan-92,2,3882420,1987892,1894528
1-Jan-92,3,3772193,1930284,1841909
1-Jan-92,4,3752409,1919743,1832666
1-Jan-92,5,3692139,1889994,1802145
1-Jan-92,6,3726759,1908763,1817996
1-Jan-92,7,3638592,1860664,1777928
1-Jan-92,8,3506373,1795437,1710936
1-Jan-92,9,3808208,1950423,1857785
1-Jan-92,10,3654716,1874205,1780511
1-Jan-92,11,3794908,1943918,1850990
1-Jan-92,12,3585178,1835972,1749206
1-Jan-92,13,3463699,1772785,1690914
1-Jan-92,14,3488012,1789140,1698872
1-Jan-92,15,3369200,1729514,1639686
1-Jan-92,16,3350872,1726808,1624064
1-Jan-92,17,3430339,1770537,1659802
1-Jan-92,18,3315553,1685548,1630005
1-Jan-92,19,3616612,1818404,1798208
1-Jan-92,20,3761729,1873625,1888104
1-Jan-92,21,3978118,1980572,1997546
1-Jan-92,22,3690169,1840794,1849375
1-Jan-92,23,3599669,1796402,1803267
1-Jan-92,24,3675241,1833288,1841953
1-Jan-92,25,3737977,1857260,1880717
1-Jan-92,26,3920592,1944470,1976122
1-Jan-92,27,4151945,2057218,2094727
1-Jan-92,28,4040714,2000956,2039758
1-Jan-92,29,4526072,2247956,2278116
1-Jan-92,30,4333439,2144969,2188470
1-Jan-92,31,4552886,2255454,2297432
1-Jan-92,32,4355141,2151639,2203502
1-Jan-92,33,4327056,2131714,2195342
1-Jan-92,34,4523676,2245988,2277688
1-Jan-92,35,4362636,2153979,2208657
1-Jan-92,36,4234279,2089373,2144906
1-Jan-92,37,4156134,2045004,2111130
1-Jan-92,38,3809886,1868088,1941798
1-Jan-92,39,4200711,2073416,2127295
1-Jan-92,40,3773668,1854279,1919389
1-Jan-92,41,3819215,1878535,1940680
1-Jan-92,42,3598123,1763885,1834238
1-Jan-92,43,3585595,1753723,1831872
1-Jan-92,44,3863996,1910417,1953579
1-Jan-92,45,3353779,1649470,1704309
1-Jan-92,46,2813119,1378604,1434515
1-Jan-92,47,2825720,1378853,1446867
1-Jan-92,48,2819553,1376736,1442817
1-Jan-92,49,3000307,1473087,1527220
1-Jan-92,50,2560564,1247621,1312943
1-Jan-92,51,2419708,1179660,1240048
1-Jan-92,52,2305443,1119917,1185526
1-Jan-92,53,2314875,1122041,1192834
1-Jan-92,54,2274073,1101123,1172950
1-Jan-92,55,2129346,1024894,1104452
1-Jan-92,56,2178026,1045402,1132624
1-Jan-92,57,2155444,1033659,1121785
1-Jan-92,58,1924434,919654,1004780
1-Jan-92,59,2078091,989425,1088666
1-Jan-92,60,2076159,974448,1101711
1-Jan-92,61,2110889,996401,1114488
1-Jan-92,62,2083849,980972,1102877
1-Jan-92,63,2109088,986575,1122513
1-Jan-92,64,2172391,1003521,1168870
1-Jan-92,65,2066645,939384,1127261
1-Jan-92,66,2041942,922046,1119896
1-Jan-92,67,2044971,919381,1125590
1-Jan-92,68,1924360,857349,1067011
1-Jan-92,69,1921806,846109,1075697
1-Jan-92,70,1915482,841244,1074238
1-Jan-92,71,1786328,779499,1006829
1-Jan-92,72,1655547,714899,940648
1-Jan-92,73,1552547,656400,896147
1-Jan-92,74,1474684,613043,861641
1-Jan-92,75,1416997,583203,833794
1-Jan-92,76,1345360,545301,800059
1-Jan-92,77,1268766,502236,766530
1-Jan-92,78,1200953,461827,739126
1-Jan-92,79,1119098,422051,697047
1-Jan-92,80,983054,360984,622070
1-Jan-92,81,896401,317034,579367
1-Jan-92,82,813305,284131,529174
1-Jan-92,83,743982,250722,493260
1-Jan-92,84,663712,216518,447194
1-Jan-92,85,551506,174346,377160
1-Jan-92,86,494834,150460,344374
1-Jan-92,87,442460,130127,312333
1-Jan-92,88,365440,103512,261928
1-Jan-92,89,303471,82996,220475
1-Jan-92,90,248883,65772,183111
1-Jan-92,91,219873,55072,164801
1-Jan-92,92,154736,36989,117747
1-Jan-92,93,120485,27176,93309
1-Jan-92,94,94875,20891,73984
1-Jan-92,95,73639,15597,58042
1-Jan-92,96,55937,11416,44521
1-Jan-92,97,39481,7910,31571
1-Jan-92,98,28284,5441,22843
1-Jan-92,99,19829,3763,16066
1-Jan-92,100+,38892,7702,31190
,,,,
1-Feb-92,All Age,253433800,123059495,130374305
1-Feb-92,0,3979335,2033234,1946101
1-Feb-92,1,3993274,2042667,1950607
1-Feb-92,2,3897258,1995468,1901790
1-Feb-92,3,3778627,1933677,1844950
1-Feb-92,4,3756849,1921851,1834998
1-Feb-92,5,3695332,1891707,1803625
1-Feb-92,6,3723383,1906936,1816447
1-Feb-92,7,3652529,1867845,1784684
1-Feb-92,8,3502835,1793517,1709318
1-Feb-92,9,3796221,1944527,1851694
1-Feb-92,10,3693397,1894033,1799364
1-Feb-92,11,3769694,1930898,1838796
1-Feb-92,12,3598750,1842610,1756140
1-Feb-92,13,3481022,1781888,1699134
1-Feb-92,14,3490302,1790389,1699913
1-Feb-92,15,3383723,1737323,1646400
1-Feb-92,16,3351441,1726807,1624634
1-Feb-92,17,3432412,1771959,1660453
1-Feb-92,18,3314907,1686068,1628839
1-Feb-92,19,3594553,1806210,1788343
1-Feb-92,20,3751201,1869902,1881299
1-Feb-92,21,3964228,1973758,1990470
1-Feb-92,22,3701474,1845962,1855512
1-Feb-92,23,3616254,1804769,1811485
1-Feb-92,24,3666786,1829152,1837634
1-Feb-92,25,3748274,1863271,1885003
1-Feb-92,26,3893006,1930464,1962542
1-Feb-92,27,4143704,2053614,2090090
1-Feb-92,28,4040478,2001632,2038846
1-Feb-92,29,4500694,2234873,2265821
1-Feb-92,30,4387692,2173378,2214314
1-Feb-92,31,4505898,2231221,2274677
1-Feb-92,32,4370622,2160365,2210257
1-Feb-92,33,4338139,2137481,2200658
1-Feb-92,34,4520847,2244098,2276749
1-Feb-92,35,4386903,2168154,2218749
1-Feb-92,36,4227931,2084474,2143457
1-Feb-92,37,4156883,2045928,2110955
1-Feb-92,38,3830876,1879033,1951843
1-Feb-92,39,4187213,2066227,2120986
1-Feb-92,40,3840598,1888576,1952022
1-Feb-92,41,3767376,1851184,1916192
1-Feb-92,42,3618173,1774714,1843459
1-Feb-92,43,3590904,1756542,1834362
1-Feb-92,44,3814553,1884920,1929633
1-Feb-92,45,3485678,1715954,1769724
1-Feb-92,46,2781670,1361846,1419824
1-Feb-92,47,2832695,1382700,1449995
1-Feb-92,48,2803567,1368658,1434909
1-Feb-92,49,3020799,1483141,1537658
1-Feb-92,50,2593779,1264507,1329272
1-Feb-92,51,2419881,1179241,1240640
1-Feb-92,52,2307515,1121124,1186391
1-Feb-92,53,2319662,1124379,1195283
1-Feb-92,54,2284823,1106430,1178393
1-Feb-92,55,2134072,1027327,1106745
1-Feb-92,56,2169484,1041148,1128336
1-Feb-92,57,2168312,1039942,1128370
1-Feb-92,58,1924708,920031,1004677
1-Feb-92,59,2072780,987116,1085664
1-Feb-92,60,2074172,973737,1100435
1-Feb-92,61,2102313,991482,1110831
1-Feb-92,62,2085258,982667,1102591
1-Feb-92,63,2107175,985611,1121564
1-Feb-92,64,2172490,1004362,1168128
1-Feb-92,65,2068809,940329,1128480
1-Feb-92,66,2035694,919368,1116326
1-Feb-92,67,2047305,920555,1126750
1-Feb-92,68,1924830,857633,1067197
1-Feb-92,69,1915714,843211,1072503
1-Feb-92,70,1918112,842228,1075884
1-Feb-92,71,1794332,783617,1010715
1-Feb-92,72,1657502,715859,941643
1-Feb-92,73,1555874,658337,897537
1-Feb-92,74,1475570,613073,862497
1-Feb-92,75,1420302,584878,835424
1-Feb-92,76,1343472,544766,798706
1-Feb-92,77,1270544,503302,767242
1-Feb-92,78,1201712,462294,739418
1-Feb-92,79,1123908,423677,700231
1-Feb-92,80,982694,361309,621385
1-Feb-92,81,896666,317016,579650
1-Feb-92,82,815302,284927,530375
1-Feb-92,83,744923,251081,493842
1-Feb-92,84,664986,216919,448067
1-Feb-92,85,552307,174624,377683
1-Feb-92,86,493105,149948,343157
1-Feb-92,87,444696,130728,313968
1-Feb-92,88,366467,103796,262671
1-Feb-92,89,305176,83372,221804
1-Feb-92,90,247738,65495,182243
1-Feb-92,91,220795,55295,165500
1-Feb-92,92,156369,37422,118947
1-Feb-92,93,120716,27202,93514
1-Feb-92,94,94763,20832,73931
1-Feb-92,95,73530,15547,57983
1-Feb-92,96,55978,11397,44581
1-Feb-92,97,39599,7912,31687
1-Feb-92,98,28256,5428,22828
1-Feb-92,99,19888,3766,16122
1-Feb-92,100+,38782,7643,31139
,,,,
1-Mar-92,All Age,253702128,123200757,130501371
1-Mar-92,0,3984740,2036340,1948400
1-Mar-92,1,3993325,2042430,1950895
1-Mar-92,2,3909643,2001787,1907856
1-Mar-92,3,3777365,1933134,1844231
1-Mar-92,4,3771136,1929009,1842127
1-Mar-92,5,3700423,1894382,1806041
1-Mar-92,6,3719779,1904997,1814782
1-Mar-92,7,3654415,1868861,1785554
1-Mar-92,8,3509112,1796633,1712479
1-Mar-92,9,3785414,1939211,1846203
1-Mar-92,10,3730352,1912971,1817381
1-Mar-92,11,3736953,1914037,1822916
1-Mar-92,12,3624223,1855366,1768857
1-Mar-92,13,3495629,1789589,1706040
1-Mar-92,14,3490063,1790334,1699729
1-Mar-92,15,3394600,1743237,1651363
1-Mar-92,16,3359455,1730671,1628784
1-Mar-92,17,3434984,1773647,1661337
1-Mar-92,18,3318395,1688664,1629731
1-Mar-92,19,3561686,1788598,1773088
1-Mar-92,20,3756389,1874250,1882139
1-Mar-92,21,3944861,1964297,1980564
1-Mar-92,22,3715807,1852862,1862945
1-Mar-92,23,3620775,1807031,1813744
1-Mar-92,24,3672771,1832415,1840356
1-Mar-92,25,3753953,1866951,1887002
1-Mar-92,26,3871822,1919742,1952080
1-Mar-92,27,4123965,2044293,2079672
1-Mar-92,28,4055461,2009969,2045492
1-Mar-92,29,4474993,2221696,2253297
1-Mar-92,30,4437768,2199696,2238072
1-Mar-92,31,4452725,2203998,2248727
1-Mar-92,32,4397236,2174675,2222561
1-Mar-92,33,4347073,2142219,2204854
1-Mar-92,34,4523540,2245122,2278418
1-Mar-92,35,4395049,2174235,2220814
1-Mar-92,36,4231515,2084683,2146832
1-Mar-92,37,4165198,2050596,2114602
1-Mar-92,38,3848266,1888194,1960072
1-Mar-92,39,4159065,2051878,2107187
1-Mar-92,40,3915158,1926581,1988577
1-Mar-92,41,3723470,1827964,1895506
1-Mar-92,42,3638156,1785458,1852698
1-Mar-92,43,3579854,1751354,1828500
1-Mar-92,44,3795915,1874783,1921132
1-Mar-92,45,3594078,1770727,1823351
1-Mar-92,46,2757420,1348766,1408654
1-Mar-92,47,2829787,1381672,1448115
1-Mar-92,48,2799014,1366235,1432779
1-Mar-92,49,3033858,1489530,1544328
1-Mar-92,50,2630044,1282846,1347198
1-Mar-92,51,2413682,1175766,1237916
1-Mar-92,52,2316157,1125527,1190630
1-Mar-92,53,2324201,1126600,1197601
1-Mar-92,54,2294758,1111352,1183406
1-Mar-92,55,2132744,1026839,1105905
1-Mar-92,56,2167874,1040256,1127618
1-Mar-92,57,2180125,1045716,1134409
1-Mar-92,58,1925174,920483,1004691
1-Mar-92,59,2062430,982418,1080012
1-Mar-92,60,2078346,975918,1102428
1-Mar-92,61,2094850,987189,1107661
1-Mar-92,62,2086814,984364,1102450
1-Mar-92,63,2099916,982181,1117735
1-Mar-92,64,2178835,1008059,1170776
1-Mar-92,65,2071038,941334,1129704
1-Mar-92,66,2030393,917131,1113262
1-Mar-92,67,2044180,919304,1124876
1-Mar-92,68,1930942,860464,1070478
1-Mar-92,69,1910598,840803,1069795
1-Mar-92,70,1920810,843296,1077514
1-Mar-92,71,1797183,785482,1011701
1-Mar-92,72,1664316,718951,945365
1-Mar-92,73,1559199,660252,898947
1-Mar-92,74,1476674,613258,863416
1-Mar-92,75,1419875,585042,834833
1-Mar-92,76,1345910,546017,799893
1-Mar-92,77,1272497,504422,768075
1-Mar-92,78,1202763,462891,739872
1-Mar-92,79,1125704,424227,701477
1-Mar-92,80,985519,362793,622726
1-Mar-92,81,897239,317148,580091
1-Mar-92,82,817406,285768,531638
1-Mar-92,83,744134,250881,493253
1-Mar-92,84,668347,218019,450328
1-Mar-92,85,553284,174959,378325
1-Mar-92,86,491832,149580,342252
1-Mar-92,87,445798,131007,314791
1-Mar-92,88,368686,104425,264261
1-Mar-92,89,306855,83754,223101
1-Mar-92,90,246876,65284,181592
1-Mar-92,91,221728,55518,166210
1-Mar-92,92,157895,37819,120076
1-Mar-92,93,120995,27245,93750
1-Mar-92,94,94716,20788,73928
1-Mar-92,95,73297,15476,57821
1-Mar-92,96,56226,11428,44798
1-Mar-92,97,39719,7916,31803
1-Mar-92,98,28236,5413,22823
1-Mar-92,99,19896,3764,16132
1-Mar-92,100+,38778,7614,31164
,,,,
1-Apr-92,All Age,254002769,123357998,130644771
1-Apr-92,0,3978783,2033032,1945751
1-Apr-92,1,3991076,2041574,1949502
1-Apr-92,2,3920586,2007387,1913199
1-Apr-92,3,3791155,1940310,1850845
1-Apr-92,4,3774974,1930810,1844164
1-Apr-92,5,3710100,1899415,1810685
1-Apr-92,6,3716081,1902999,1813082
1-Apr-92,7,3663505,1873569,1789936
1-Apr-92,8,3504392,1794109,1710283
1-Apr-92,9,3778671,1936000,1842671
1-Apr-92,10,3771318,1933982,1837336
1-Apr-92,11,3713280,1901826,1811454
1-Apr-92,12,3639516,1862898,1776618
1-Apr-92,13,3511574,1798017,1713557
1-Apr-92,14,3489321,1790048,1699273
1-Apr-92,15,3418746,1756018,1662728
1-Apr-92,16,3359157,1730272,1628885
1-Apr-92,17,3440416,1776881,1663535
1-Apr-92,18,3315838,1688278,1627560
1-Apr-92,19,3547595,1780474,1767121
1-Apr-92,20,3748770,1872070,1876700
1-Apr-92,21,3921799,1952923,1968876
1-Apr-92,22,3730319,1859801,1870518
1-Apr-92,23,3635751,1814548,1821203
1-Apr-92,24,3666070,1829187,1836883
1-Apr-92,25,3759474,1870569,1888905
1-Apr-92,26,3850045,1908643,1941402
1-Apr-92,27,4121600,2043776,2077824
1-Apr-92,28,4055168,2010606,2044562
1-Apr-92,29,4443944,2205769,2238175
1-Apr-92,30,4493758,2229122,2264636
1-Apr-92,31,4408461,2181126,2227335
1-Apr-92,32,4409094,2181647,2227447
1-Apr-92,33,4364890,2151412,2213478
1-Apr-92,34,4522282,2244122,2278160
1-Apr-92,35,4416007,2186804,2229203
1-Apr-92,36,4228105,2081238,2146867
1-Apr-92,37,4178863,2057962,2120901
1-Apr-92,38,3868850,1898980,1969870
1-Apr-92,39,4131846,2037924,2093922
1-Apr-92,40,3980005,1959904,2020101
1-Apr-92,41,3684126,1806821,1877305
1-Apr-92,42,3654144,1794301,1859843
1-Apr-92,43,3581438,1752377,1829061
1-Apr-92,44,3767622,1859839,1907783
1-Apr-92,45,3705664,1827151,1878513
1-Apr-92,46,2737432,1337690,1399742
1-Apr-92,47,2838982,1386631,1452351
1-Apr-92,48,2782099,1357770,1424329
1-Apr-92,49,3045151,1495000,1550151
1-Apr-92,50,2666243,1301254,1364989
1-Apr-92,51,2414219,1175546,1238673
1-Apr-92,52,2318527,1126895,1191632
1-Apr-92,53,2329338,1129121,1200217
1-Apr-92,54,2305876,1116849,1189027
1-Apr-92,55,2137848,1029476,1108372
1-Apr-92,56,2159726,1036221,1123505
1-Apr-92,57,2193357,1052199,1141158
1-Apr-92,58,1925839,921076,1004763
1-Apr-92,59,2057575,980370,1077205
1-Apr-92,60,2076812,975452,1101360
1-Apr-92,61,2086835,982598,1104237
1-Apr-92,62,2088759,986371,1102388
1-Apr-92,63,2098580,981547,1117033
1-Apr-92,64,2179547,1009250,1170297
1-Apr-92,65,2073787,942600,1131187
1-Apr-92,66,2024844,914840,1110004
1-Apr-92,67,2047178,920853,1126325
1-Apr-92,68,1932053,861099,1070954
1-Apr-92,69,1905327,838358,1066969
1-Apr-92,70,1924149,844664,1079485
1-Apr-92,71,1805897,789989,1015908
1-Apr-92,72,1666965,720291,946674
1-Apr-92,73,1563222,662555,900667
1-Apr-92,74,1478260,613656,864604
1-Apr-92,75,1423969,587119,836850
1-Apr-92,76,1344873,545936,798937
1-Apr-92,77,1275052,505865,769187
1-Apr-92,78,1204358,463767,740591
1-Apr-92,79,1131272,426209,705063
1-Apr-92,80,985918,363451,622467
1-Apr-92,81,898254,317458,580796
1-Apr-92,82,820093,286849,533244
1-Apr-92,83,745759,251516,494243
1-Apr-92,84,670263,218660,451603
1-Apr-92,85,554670,175449,379221
1-Apr-92,86,490762,149296,341466
1-Apr-92,87,448504,131761,316743
1-Apr-92,88,370120,104825,265295
1-Apr-92,89,308908,84233,224675
1-Apr-92,90,246155,65123,181032
1-Apr-92,91,222914,55812,167102
1-Apr-92,92,159648,38274,121374
1-Apr-92,93,121401,27315,94086
1-Apr-92,94,94760,20761,73999
1-Apr-92,95,73306,15456,57850
1-Apr-92,96,56337,11425,44912
1-Apr-92,97,39884,7932,31952
1-Apr-92,98,28237,5406,22831
1-Apr-92,99,19968,3771,16197
1-Apr-92,100+,38778,7587,31191
,,,,
1-May-92,All Age,254307825,123517048,130790777
1-May-92,0,3977496,2032439,1945057
1-May-92,1,3990729,2041678,1949051
1-May-92,2,3937810,2015984,1921826
1-May-92,3,3801544,1945614,1855930
1-May-92,4,3776351,1931604,1844747
1-May-92,5,3714387,1901593,1812794
1-May-92,6,3718028,1903808,1814220
1-May-92,7,3681502,1883016,1798486
1-May-92,8,3498764,1791086,1707678
1-May-92,9,3781825,1937753,1844072
1-May-92,10,3781628,1939115,1842513
1-May-92,11,3703036,1896577,1806459
1-May-92,12,3666886,1876956,1789930
1-May-92,13,3528878,1806964,1721914
1-May-92,14,3482295,1786415,1695880
1-May-92,15,3439871,1766894,1672977
1-May-92,16,3354443,1727783,1626660
1-May-92,17,3446264,1779725,1666539
1-May-92,18,3317244,1689085,1628159
1-May-92,19,3541146,1777446,1763700
1-May-92,20,3721392,1859141,1862251
1-May-92,21,3918600,1951193,1967407
1-May-92,22,3742397,1865814,1876583
1-May-92,23,3647077,1820721,1826356
1-May-92,24,3672786,1832817,1839969
1-May-92,25,3745784,1864371,1881413
1-May-92,26,3846285,1906719,1939566
1-May-92,27,4111625,2039611,2072014
1-May-92,28,4050453,2008123,2042330
1-May-92,29,4440674,2204547,2236127
1-May-92,30,4497674,2231675,2265999
1-May-92,31,4403220,2178731,2224489
1-May-92,32,4425477,2190363,2235114
1-May-92,33,4368015,2153379,2214636
1-May-92,34,4519930,2243075,2276855
1-May-92,35,4442737,2200512,2242225
1-May-92,36,4227162,2080752,2146410
1-May-92,37,4191768,2064872,2126896
1-May-92,38,3889187,1909253,1979934
1-May-92,39,4124654,2034291,2090363
1-May-92,40,3984538,1962140,2022398
1-May-92,41,3705424,1817218,1888206
1-May-92,42,3659501,1797486,1862015
1-May-92,43,3570071,1746625,1823446
1-May-92,44,3753741,1852718,1901023
1-May-92,45,3779455,1863449,1916006
1-May-92,46,2739669,1339156,1400513
1-May-92,47,2847730,1391056,1456674
1-May-92,48,2761301,1347457,1413844
1-May-92,49,3068757,1506440,1562317
1-May-92,50,2668569,1302534,1366035
1-May-92,51,2426231,1181489,1244742
1-May-92,52,2328237,1131729,1196508
1-May-92,53,2327948,1128474,1199474
1-May-92,54,2312453,1120119,1192334
1-May-92,55,2143827,1032518,1111309
1-May-92,56,2159316,1036179,1123137
1-May-92,57,2194785,1052722,1142063
1-May-92,58,1934421,925376,1009045
1-May-92,59,2056618,980273,1076345
1-May-92,60,2065439,970199,1095240
1-May-92,61,2085055,982087,1102968
1-May-92,62,2090555,986666,1103889
1-May-92,63,2095064,980726,1114338
1-May-92,64,2176196,1007730,1168466
1-May-92,65,2076976,945116,1131860
1-May-92,66,2024720,914848,1109872
1-May-92,67,2045534,920004,1125530
1-May-92,68,1934171,862155,1072016
1-May-92,69,1905217,838598,1066619
1-May-92,70,1919277,842328,1076949
1-May-92,71,1813586,793353,1020233
1-May-92,72,1673715,723747,949968
1-May-92,73,1565655,663898,901757
1-May-92,74,1482775,616019,866756
1-May-92,75,1424110,587067,837043
1-May-92,76,1345600,546492,799108
1-May-92,77,1277302,507001,770301
1-May-92,78,1206410,465061,741349
1-May-92,79,1132325,426727,705598
1-May-92,80,990711,365249,625462
1-May-92,81,900717,318948,581769
1-May-92,82,821362,287039,534323
1-May-92,83,746992,252102,494890
1-May-92,84,671314,219136,452178
1-May-92,85,557797,176532,381265
1-May-92,86,491952,149749,342203
1-May-92,87,448354,131733,316621
1-May-92,88,372547,105526,267021
1-May-92,89,310606,84675,225931
1-May-92,90,246934,65304,181630
1-May-92,91,222618,55772,166846
1-May-92,92,162275,38935,123340
1-May-92,93,121993,27462,94531
1-May-92,94,94968,20763,74205
1-May-92,95,73362,15453,57909
1-May-92,96,56534,11445,45089
1-May-92,97,40191,7972,32219
1-May-92,98,28330,5413,22917
1-May-92,99,20040,3782,16258
1-May-92,100+,38930,7583,31347
,,,,
1-Jun-92,All Age,254621657,123679211,130942446
1-Jun-92,0,3968588,2028303,1940285
1-Jun-92,1,3990157,2041257,1948900
1-Jun-92,2,3955299,2024743,1930556
1-Jun-92,3,3812668,1951301,1861367
1-Jun-92,4,3782403,1934804,1847599
1-Jun-92,5,3718753,1903798,1814955
1-Jun-92,6,3716057,1902605,1813452
1-Jun-92,7,3701775,1893650,1808125
1-Jun-92,8,3497295,1790177,1707118
1-Jun-92,9,3779345,1936624,1842721
1-Jun-92,10,3796208,1946430,1849778
1-Jun-92,11,3696462,1893212,1803250
1-Jun-92,12,3685157,1886362,1798795
1-Jun-92,13,3545776,1815712,1730064
1-Jun-92,14,3479324,1784847,1694477
1-Jun-92,15,3465555,1780116,1685439
1-Jun-92,16,3347034,1723897,1623137
1-Jun-92,17,3452113,1782553,1669560
1-Jun-92,18,3322319,1691785,1630534
1-Jun-92,19,3525244,1769513,1755731
1-Jun-92,20,3712209,1855351,1856858
1-Jun-92,21,3901287,1942136,1959151
1-Jun-92,22,3759579,1874316,1885263
1-Jun-92,23,3649262,1822175,1827087
1-Jun-92,24,3674030,1833619,1840411
1-Jun-92,25,3746857,1865597,1881260
1-Jun-92,26,3834355,1900603,1933752
1-Jun-92,27,4101693,2035422,2066271
1-Jun-92,28,4048148,2006790,2041358
1-Jun-92,29,4441626,2205386,2236240
1-Jun-92,30,4501923,2234399,2267524
1-Jun-92,31,4399308,2176954,2222354
1-Jun-92,32,4441507,2198914,2242593
1-Jun-92,33,4360824,2150159,2210665
1-Jun-92,34,4520518,2243494,2277024
1-Jun-92,35,4476999,2217918,2259081
1-Jun-92,36,4215493,2074928,2140565
1-Jun-92,37,4208278,2073592,2134686
1-Jun-92,38,3902694,1916115,1986579
1-Jun-92,39,4130619,2037144,2093475
1-Jun-92,40,3980242,1960001,2020241
1-Jun-92,41,3725623,1827091,1898532
1-Jun-92,42,3672093,1804272,1867821
1-Jun-92,43,3575201,1748953,1826248
1-Jun-92,44,3722728,1837082,1885646
1-Jun-92,45,3851568,1898878,1952690
1-Jun-92,46,2747673,1343478,1404195
1-Jun-92,47,2854594,1394569,1460025
1-Jun-92,48,2748344,1340975,1407369
1-Jun-92,49,3089092,1516243,1572849
1-Jun-92,50,2667844,1302392,1365452
1-Jun-92,51,2438684,1187648,1251036
1-Jun-92,52,2338294,1136741,1201553
1-Jun-92,53,2326569,1127837,1198732
1-Jun-92,54,2319286,1123523,1195763
1-Jun-92,55,2150052,1035691,1114361
1-Jun-92,56,2158940,1036163,1122777
1-Jun-92,57,2196344,1053314,1143030
1-Jun-92,58,1943347,929849,1013498
1-Jun-92,59,2055691,980211,1075480
1-Jun-92,60,2053776,964819,1088957
1-Jun-92,61,2083307,981610,1101697
1-Jun-92,62,2092514,987036,1105478
1-Jun-92,63,2091540,979933,1111607
1-Jun-92,64,2172862,1006241,1166621
1-Jun-92,65,2080392,947773,1132619
1-Jun-92,66,2024726,914934,1109792
1-Jun-92,67,2043987,919211,1124776
1-Jun-92,68,1936478,863317,1073161
1-Jun-92,69,1905254,838926,1066328
1-Jun-92,70,1914416,840006,1074410
1-Jun-92,71,1821653,796905,1024748
1-Jun-92,72,1680787,727367,953420
1-Jun-92,73,1568326,665368,902958
1-Jun-92,74,1487538,618505,869033
1-Jun-92,75,1424432,587113,837319
1-Jun-92,76,1346516,547148,799368
1-Jun-92,77,1279778,508244,771534
1-Jun-92,78,1208691,466470,742221
1-Jun-92,79,1133582,427344,706238
1-Jun-92,80,995771,367150,628621
1-Jun-92,81,903374,320517,582857
1-Jun-92,82,822827,287300,535527
1-Jun-92,83,748371,252734,495637
1-Jun-92,84,672519,219666,452853
1-Jun-92,85,561112,177671,383441
1-Jun-92,86,493267,150231,343036
1-Jun-92,87,448302,131735,316567
1-Jun-92,88,375076,106247,268829
1-Jun-92,89,312384,85130,227254
1-Jun-92,90,247786,65506,182280
1-Jun-92,91,222353,55732,166621
1-Jun-92,92,164942,39604,125338
1-Jun-92,93,122615,27616,94999
1-Jun-92,94,95196,20771,74425
1-Jun-92,95,73424,15448,57976
1-Jun-92,96,56726,11465,45261
1-Jun-92,97,40484,8007,32477
1-Jun-92,98,28425,5426,22999
1-Jun-92,99,20098,3784,16314
1-Jun-92,100+,39100,7589,31511
,,,,
1-Jul-92,All Age,254929355,123835186,131094169
1-Jul-92,0,3972775,2030390,1942385
1-Jul-92,1,3978057,2034530,1943527
1-Jul-92,2,3963541,2029620,1933921
1-Jul-92,3,3823718,1956957,1866761
1-Jul-92,4,3789950,1938787,1851163
1-Jul-92,5,3732466,1910807,1821659
1-Jul-92,6,3714856,1901810,1813046
1-Jul-92,7,3713396,1899862,1813534
1-Jul-92,8,3494500,1788600,1705900
1-Jul-92,9,3775886,1934998,1840888
1-Jul-92,10,3810655,1953689,1856966
1-Jul-92,11,3692127,1891004,1801123
1-Jul-92,12,3707649,1897931,1809718
1-Jul-92,13,3557576,1821852,1735724
1-Jul-92,14,3477756,1783995,1693761
1-Jul-92,15,3484289,1789765,1694524
1-Jul-92,16,3350995,1725878,1625117
1-Jul-92,17,3458662,1785728,1672934
1-Jul-92,18,3320780,1691071,1629709
1-Jul-92,19,3519856,1766761,1753095
1-Jul-92,20,3690265,1844761,1845504
1-Jul-92,21,3878003,1929755,1948248
1-Jul-92,22,3778817,1883649,1895168
1-Jul-92,23,3654638,1825114,1829524
1-Jul-92,24,3674264,1833793,1840471
1-Jul-92,25,3747359,1866321,1881038
1-Jul-92,26,3819886,1893073,1926813
1-Jul-92,27,4086889,2028692,2058197
1-Jul-92,28,4052947,2008882,2044065
1-Jul-92,29,4447791,2208683,2239108
1-Jul-92,30,4498781,2233322,2265459
1-Jul-92,31,4395208,2174992,2220216
1-Jul-92,32,4451317,2204323,2246994
1-Jul-92,33,4363468,2151682,2211786
1-Jul-92,34,4512724,2239693,2273031
1-Jul-92,35,4494655,2227007,2267648
1-Jul-92,36,4224304,2079201,2145103
1-Jul-92,37,4214673,2077250,2137423
1-Jul-92,38,3910573,1920195,1990378
1-Jul-92,39,4139855,2041595,2098260
1-Jul-92,40,3994184,1966853,2027331
1-Jul-92,41,3720230,1824233,1895997
1-Jul-92,42,3700265,1818761,1881504
1-Jul-92,43,3589091,1755525,1833566
1-Jul-92,44,3688360,1819801,1868559
1-Jul-92,45,3913058,1929026,1984032
1-Jul-92,46,2762143,1350958,1411185
1-Jul-92,47,2855548,1395215,1460333
1-Jul-92,48,2740429,1336945,1403484
1-Jul-92,49,3108736,1525683,1583053
1-Jul-92,50,2678513,1307823,1370690
1-Jul-92,51,2450801,1193657,1257144
1-Jul-92,52,2348111,1141626,1206485
1-Jul-92,53,2325328,1127277,1198051
1-Jul-92,54,2326012,1126878,1199134
1-Jul-92,55,2156146,1038801,1117345
1-Jul-92,56,2158680,1036207,1122473
1-Jul-92,57,2197954,1053946,1144008
1-Jul-92,58,1952066,934222,1017844
1-Jul-92,59,2054910,980206,1074704
1-Jul-92,60,2042586,959672,1082914
1-Jul-92,61,2081755,981221,1100534
1-Jul-92,62,2094527,987462,1107065
1-Jul-92,63,2088244,979216,1109028
1-Jul-92,64,2169777,1004870,1164907
1-Jul-92,65,2083818,950406,1133412
1-Jul-92,66,2024865,915081,1109784
1-Jul-92,67,2042608,918506,1124102
1-Jul-92,68,1938844,864514,1074330
1-Jul-92,69,1905437,839322,1066115
1-Jul-92,70,1909884,837851,1072033
1-Jul-92,71,1829579,800410,1029169
1-Jul-92,72,1687724,730918,956806
1-Jul-92,73,1571028,666837,904191
1-Jul-92,74,1492232,620951,871281
1-Jul-92,75,1424893,587226,837667
1-Jul-92,76,1347524,547847,799677
1-Jul-92,77,1282300,509495,772805
1-Jul-92,78,1211001,467881,743120
1-Jul-92,79,1134927,427987,706940
1-Jul-92,80,1000758,369024,631734
1-Jul-92,81,906037,322058,583979
1-Jul-92,82,824350,287602,536748
1-Jul-92,83,749775,253356,496419
1-Jul-92,84,673750,220189,453561
1-Jul-92,85,564365,178778,385587
1-Jul-92,86,494560,150689,343871
1-Jul-92,87,448314,131748,316566
1-Jul-92,88,377541,106932,270609
1-Jul-92,89,314111,85567,228544
1-Jul-92,90,248616,65697,182919
1-Jul-92,91,222118,55702,166416
1-Jul-92,92,167463,40219,127244
1-Jul-92,93,123178,27746,95432
1-Jul-92,94,95403,20777,74626
1-Jul-92,95,73472,15440,58032
1-Jul-92,96,56885,11477,45408
1-Jul-92,97,40739,8033,32706
1-Jul-92,98,28513,5437,23076
1-Jul-92,99,20137,3782,16355
1-Jul-92,100+,39245,7599,31646
,,,,
1-Aug-92,All Age,255281902,124016824,131265078
1-Aug-92,0,3970717,2029875,1940842
1-Aug-92,1,3974404,2032024,1942380
1-Aug-92,2,3977274,2036856,1940418
1-Aug-92,3,3834649,1962536,1872113
1-Aug-92,4,3798992,1943536,1855456
1-Aug-92,5,3736223,1912695,1823528
1-Aug-92,6,3715697,1902028,1813669
1-Aug-92,7,3724478,1905802,1818676
1-Aug-92,8,3503560,1793092,1710468
1-Aug-92,9,3766251,1930197,1836054
1-Aug-92,10,3818864,1957760,1861104
1-Aug-92,11,3686093,1887900,1798193
1-Aug-92,12,3731296,1910113,1821183
1-Aug-92,13,3574879,1830813,1744066
1-Aug-92,14,3482704,1786528,1696176
1-Aug-92,15,3500385,1798047,1702338
1-Aug-92,16,3351601,1726104,1625497
1-Aug-92,17,3460820,1786881,1673939
1-Aug-92,18,3324198,1691455,1632743
1-Aug-92,19,3518613,1766422,1752191
1-Aug-92,20,3669234,1835007,1834227
1-Aug-92,21,3848857,1915116,1933741
1-Aug-92,22,3801359,1895183,1906176
1-Aug-92,23,3665776,1830660,1835116
1-Aug-92,24,3677248,1835350,1841898
1-Aug-92,25,3749270,1867664,1881606
1-Aug-92,26,3799241,1882541,1916700
1-Aug-92,27,4071760,2021902,2049858
1-Aug-92,28,4055358,2009881,2045477
1-Aug-92,29,4447457,2209007,2238450
1-Aug-92,30,4501626,2235509,2266117
1-Aug-92,31,4379112,2167344,2211768
1-Aug-92,32,4474390,2216499,2257891
1-Aug-92,33,4374719,2157585,2217134
1-Aug-92,34,4494825,2230903,2263922
1-Aug-92,35,4509730,2234994,2274736
1-Aug-92,36,4239321,2086665,2152656
1-Aug-92,37,4219566,2080211,2139355
1-Aug-92,38,3918724,1924645,1994079
1-Aug-92,39,4146818,2044865,2101953
1-Aug-92,40,4022696,1981149,2041547
1-Aug-92,41,3713620,1820792,1892828
1-Aug-92,42,3718607,1828598,1890009
1-Aug-92,43,3594767,1758095,1836672
1-Aug-92,44,3678710,1814775,1863935
1-Aug-92,45,3947718,1946071,2001647
1-Aug-92,46,2802652,1371293,1431359
1-Aug-92,47,2849956,1392815,1457141
1-Aug-92,48,2737524,1335410,1402114
1-Aug-92,49,3125086,1533546,1591540
1-Aug-92,50,2712183,1324877,1387306
1-Aug-92,51,2452480,1194093,1258387
1-Aug-92,52,2362259,1148849,1213410
1-Aug-92,53,2323712,1126470,1197242
1-Aug-92,54,2331683,1129713,1201970
1-Aug-92,55,2166851,1044166,1122685
1-Aug-92,56,2155976,1035003,1120973
1-Aug-92,57,2196732,1053266,1143466
1-Aug-92,58,1966901,941459,1025442
1-Aug-92,59,2047713,977086,1070627
1-Aug-92,60,2041635,959524,1082111
1-Aug-92,61,2071798,976615,1095183
1-Aug-92,62,2097905,988523,1109382
1-Aug-92,63,2087522,979746,1107776
1-Aug-92,64,2162863,1001737,1161126
1-Aug-92,65,2090594,954461,1136133
1-Aug-92,66,2024175,914967,1109208
1-Aug-92,67,2039333,917067,1122266
1-Aug-92,68,1942076,866054,1076022
1-Aug-92,69,1906664,840238,1066426
1-Aug-92,70,1904137,835089,1069048
1-Aug-92,71,1835063,802907,1032156
1-Aug-92,72,1697003,735426,961577
1-Aug-92,73,1573582,668378,905204
1-Aug-92,74,1497339,623649,873690
1-Aug-92,75,1426031,587516,838515
1-Aug-92,76,1348941,548826,800115
1-Aug-92,77,1283894,510519,773375
1-Aug-92,78,1214590,469689,744901
1-Aug-92,79,1135463,428554,706909
1-Aug-92,80,1006752,371159,635593
1-Aug-92,81,907746,323493,584253
1-Aug-92,82,826775,288167,538608
1-Aug-92,83,751303,254039,497264
1-Aug-92,84,675138,220847,454291
1-Aug-92,85,567653,179871,387782
1-Aug-92,86,495674,151159,344515
1-Aug-92,87,447907,131651,316256
1-Aug-92,88,380618,107829,272789
1-Aug-92,89,315631,86023,229608
1-Aug-92,90,250855,66225,184630
1-Aug-92,91,220508,55386,165122
1-Aug-92,92,170910,41067,129843
1-Aug-92,93,123928,27968,95960
1-Aug-92,94,95781,20811,74970
1-Aug-92,95,73611,15463,58148
1-Aug-92,96,57081,11505,45576
1-Aug-92,97,41129,8084,33045
1-Aug-92,98,28675,5466,23209
1-Aug-92,99,20199,3786,16413
1-Aug-92,100+,39505,7619,31886
,,,,
1-Sep-92,All Age,255625947,124198842,131427105
1-Sep-92,0,3953699,2021686,1932013
1-Sep-92,1,3969679,2029084,1940595
1-Sep-92,2,3986060,2041426,1944634
1-Sep-92,3,3847402,1969067,1878335
1-Sep-92,4,3820454,1954663,1865791
1-Sep-92,5,3735402,1912259,1823143
1-Sep-92,6,3712636,1900253,1812383
1-Sep-92,7,3728824,1908327,1820497
1-Sep-92,8,3515941,1799293,1716648
1-Sep-92,9,3761847,1928102,1833745
1-Sep-92,10,3823702,1960107,1863595
1-Sep-92,11,3682162,1885888,1796274
1-Sep-92,12,3748992,1919259,1829733
1-Sep-92,13,3590511,1838931,1751580
1-Sep-92,14,3487350,1788903,1698447
1-Sep-92,15,3519682,1807987,1711695
1-Sep-92,16,3356771,1728680,1628091
1-Sep-92,17,3455353,1784071,1671282
1-Sep-92,18,3328512,1692392,1636120
1-Sep-92,19,3512880,1763946,1748934
1-Sep-92,20,3651563,1827251,1824312
1-Sep-92,21,3827607,1904785,1922822
1-Sep-92,22,3822533,1906299,1916234
1-Sep-92,23,3676627,1836372,1840255
1-Sep-92,24,3680104,1837093,1843011
1-Sep-92,25,3743782,1865512,1878270
1-Sep-92,26,3786025,1875933,1910092
1-Sep-92,27,4064424,2019253,2045171
1-Sep-92,28,4047583,2006005,2041578
1-Sep-92,29,4437812,2204823,2232989
1-Sep-92,30,4509483,2240306,2269177
1-Sep-92,31,4355937,2156389,2199548
1-Sep-92,32,4510699,2235489,2275210
1-Sep-92,33,4385031,2163321,2221710
1-Sep-92,34,4483722,2225512,2258210
1-Sep-92,35,4512918,2237219,2275699
1-Sep-92,36,4254112,2094174,2159938
1-Sep-92,37,4233997,2088050,2145947
1-Sep-92,38,3929422,1930471,1998951
1-Sep-92,39,4150561,2046660,2103901
1-Sep-92,40,4050572,1995185,2055387
1-Sep-92,41,3702760,1815375,1887385
1-Sep-92,42,3742809,1841365,1901444
1-Sep-92,43,3591914,1756543,1835371
1-Sep-92,44,3680997,1815785,1865212
1-Sep-92,45,3956960,1950543,2006417
1-Sep-92,46,2867263,1403549,1463714
1-Sep-92,47,2847879,1392156,1455723
1-Sep-92,48,2731135,1332213,1398922
1-Sep-92,49,3132961,1537253,1595708
1-Sep-92,50,2756667,1347246,1409421
1-Sep-92,51,2454148,1194526,1259622
1-Sep-92,52,2376399,1156082,1220317
1-Sep-92,53,2322090,1125671,1196419
1-Sep-92,54,2337337,1132556,1204781
1-Sep-92,55,2177579,1049542,1128037
1-Sep-92,56,2153294,1033835,1119459
1-Sep-92,57,2195511,1052586,1142925
1-Sep-92,58,1981739,948702,1033037
1-Sep-92,59,2040536,973981,1066555
1-Sep-92,60,2040704,959397,1081307
1-Sep-92,61,2061881,972035,1089846
1-Sep-92,62,2101310,989604,1111706
1-Sep-92,63,2086836,980301,1106535
1-Sep-92,64,2155999,998622,1157377
1-Sep-92,65,2097392,958529,1138863
1-Sep-92,66,2023545,914898,1108647
1-Sep-92,67,2036118,915657,1120461
1-Sep-92,68,1945368,867623,1077745
1-Sep-92,69,1907917,841172,1066745
1-Sep-92,70,1898467,832373,1066094
1-Sep-92,71,1840588,805430,1035158
1-Sep-92,72,1706295,739934,966361
1-Sep-92,73,1576173,669936,906237
1-Sep-92,74,1502440,626344,876096
1-Sep-92,75,1427257,587855,839402
1-Sep-92,76,1350406,549822,800584
1-Sep-92,77,1285546,511557,773989
1-Sep-92,78,1218212,471501,746711
1-Sep-92,79,1136045,429131,706914
1-Sep-92,80,1012742,373289,639453
1-Sep-92,81,909493,324920,584573
1-Sep-92,82,829225,288736,540489
1-Sep-92,83,752848,254715,498133
1-Sep-92,84,676539,221497,455042
1-Sep-92,85,570911,180936,389975
1-Sep-92,86,496798,151620,345178
1-Sep-92,87,447532,131556,315976
1-Sep-92,88,383646,108699,274947
1-Sep-92,89,317117,86456,230661
1-Sep-92,90,253028,66728,186300
1-Sep-92,91,218922,55067,163855
1-Sep-92,92,174251,41879,132372
1-Sep-92,93,124633,28172,96461
1-Sep-92,94,96135,20848,75287
1-Sep-92,95,73733,15482,58251
1-Sep-92,96,57242,11526,45716
1-Sep-92,97,41488,8132,33356
1-Sep-92,98,28811,5488,23323
1-Sep-92,99,20243,3783,16460
1-Sep-92,100+,39760,7657,32103
,,,,
1-Oct-92,All Age,255967206,124380412,131586794
1-Oct-92,0,3944851,2017696,1927155
1-Oct-92,1,3967880,2027810,1940070
1-Oct-92,2,3990285,2043398,1946887
1-Oct-92,3,3858181,1974557,1883624
1-Oct-92,4,3832056,1960725,1871331
1-Oct-92,5,3736784,1912919,1823865
1-Oct-92,6,3715005,1901249,1813756
1-Oct-92,7,3736345,1912443,1823902
1-Oct-92,8,3528979,1805818,1723161
1-Oct-92,9,3750167,1922239,1827928
1-Oct-92,10,3835847,1966187,1869660
1-Oct-92,11,3670725,1880004,1790721
1-Oct-92,12,3775372,1932834,1842538
1-Oct-92,13,3603517,1845679,1757838
1-Oct-92,14,3489604,1790048,1699556
1-Oct-92,15,3531105,1813881,1717224
1-Oct-92,16,3368804,1734795,1634009
1-Oct-92,17,3445981,1779235,1666746
1-Oct-92,18,3341140,1697741,1643399
1-Oct-92,19,3501420,1758590,1742830
1-Oct-92,20,3629451,1817281,1812170
1-Oct-92,21,3803309,1893009,1910300
1-Oct-92,22,3853436,1922454,1930982
1-Oct-92,23,3684950,1840841,1844109
1-Oct-92,24,3681692,1838262,1843430
1-Oct-92,25,3735431,1861996,1873435
1-Oct-92,26,3773558,1869800,1903758
1-Oct-92,27,4052967,2014516,2038451
1-Oct-92,28,4042507,2003592,2038915
1-Oct-92,29,4436754,2205021,2231733
1-Oct-92,30,4514456,2243659,2270797
1-Oct-92,31,4329902,2144046,2185856
1-Oct-92,32,4544886,2253392,2291494
1-Oct-92,33,4381633,2162320,2219313
1-Oct-92,34,4488514,2228103,2260411
1-Oct-92,35,4520244,2241558,2278686
1-Oct-92,36,4265821,2100196,2165625
1-Oct-92,37,4247773,2095620,2152153
1-Oct-92,38,3944093,1938264,2005829
1-Oct-92,39,4152366,2047518,2104848
1-Oct-92,40,4076876,2008484,2068392
1-Oct-92,41,3696803,1812389,1884414
1-Oct-92,42,3766842,1854036,1912806
1-Oct-92,43,3587440,1754241,1833199
1-Oct-92,44,3684379,1817345,1867034
1-Oct-92,45,3943485,1943752,1999733
1-Oct-92,46,2951411,1445465,1505946
1-Oct-92,47,2854517,1395703,1458814
1-Oct-92,48,2719337,1326399,1392938
1-Oct-92,49,3122499,1531951,1590548
1-Oct-92,50,2816135,1376983,1439152
1-Oct-92,51,2455795,1194970,1260825
1-Oct-92,52,2390097,1163082,1227015
1-Oct-92,53,2320547,1124914,1195633
1-Oct-92,54,2342880,1135361,1207519
1-Oct-92,55,2187999,1054775,1133224
1-Oct-92,56,2150746,1032730,1118016
1-Oct-92,57,2194347,1051940,1142407
1-Oct-92,58,1996146,955744,1040402
1-Oct-92,59,2033621,970997,1062624
1-Oct-92,60,2039838,959281,1080557
1-Oct-92,61,2052344,967634,1084710
1-Oct-92,62,2104636,990675,1113961
1-Oct-92,63,2086212,980867,1105345
1-Oct-92,64,2149448,995655,1153793
1-Oct-92,65,2103995,962470,1141525
1-Oct-92,66,2022974,914857,1108117
1-Oct-92,67,2033061,914330,1118731
1-Oct-92,68,1948586,869153,1079433
1-Oct-92,69,1909163,842095,1067068
1-Oct-92,70,1893034,829772,1063262
1-Oct-92,71,1845976,807895,1038081
1-Oct-92,72,1715282,744287,970995
1-Oct-92,73,1578696,671448,907248
1-Oct-92,74,1507382,628939,878443
1-Oct-92,75,1428485,588202,840283
1-Oct-92,76,1351848,550795,801053
1-Oct-92,77,1287160,512552,774608
1-Oct-92,78,1221713,473239,748474
1-Oct-92,79,1136627,429677,706950
1-Oct-92,80,1018492,375324,643168
1-Oct-92,81,911175,326281,584894
1-Oct-92,82,831593,289273,542320
1-Oct-92,83,754308,255337,498971
1-Oct-92,84,677869,222101,455768
1-Oct-92,85,574011,181925,392086
1-Oct-92,86,497861,152043,345818
1-Oct-92,87,447157,131462,315695
1-Oct-92,88,386503,109504,276999
1-Oct-92,89,318501,86855,231646
1-Oct-92,90,255073,67188,187885
1-Oct-92,91,217367,54741,162626
1-Oct-92,92,177371,42633,134738
1-Oct-92,93,125260,28346,96914
1-Oct-92,94,96435,20868,75567
1-Oct-92,95,73800,15487,58313
1-Oct-92,96,57354,11529,45825
1-Oct-92,97,41799,8172,33627
1-Oct-92,98,28919,5506,23413
1-Oct-92,99,20261,3777,16484
1-Oct-92,100+,39944,7680,32264
,,,,
1-Nov-92,All Age,256268979,124538111,131730868
1-Nov-92,0,3940924,2016925,1923999
1-Nov-92,1,3963846,2024591,1939255
1-Nov-92,2,3997834,2047424,1950410
1-Nov-92,3,3874082,1982689,1891393
1-Nov-92,4,3836188,1963013,1873175
1-Nov-92,5,3744893,1917063,1827830
1-Nov-92,6,3710505,1898777,1811728
1-Nov-92,7,3740590,1914928,1825662
1-Nov-92,8,3545718,1814234,1731484
1-Nov-92,9,3741762,1918072,1823690
1-Nov-92,10,3846615,1971590,1875025
1-Nov-92,11,3657866,1873419,1784447
1-Nov-92,12,3794332,1942639,1851693
1-Nov-92,13,3619199,1853806,1765393
1-Nov-92,14,3493136,1791880,1701256
1-Nov-92,15,3540552,1818819,1721733
1-Nov-92,16,3382411,1741737,1640674
1-Nov-92,17,3434853,1773810,1661043
1-Nov-92,18,3359786,1707640,1652146
1-Nov-92,19,3492132,1754313,1737819
1-Nov-92,20,3606732,1806674,1800058
1-Nov-92,21,3779122,1881074,1898048
1-Nov-92,22,3873475,1932124,1941351
1-Nov-92,23,3693167,1844847,1848320
1-Nov-92,24,3685210,1840141,1845069
1-Nov-92,25,3728612,1859170,1869442
1-Nov-92,26,3766796,1866277,1900519
1-Nov-92,27,4034655,2006049,2028606
1-Nov-92,28,4037457,2000853,2036604
1-Nov-92,29,4431305,2202573,2228732
1-Nov-92,30,4520899,2247457,2273442
1-Nov-92,31,4313202,2136008,2177194
1-Nov-92,32,4568686,2265705,2302981
1-Nov-92,33,4373861,2158980,2214881
1-Nov-92,34,4487709,2227672,2260037
1-Nov-92,35,4531761,2247808,2283953
1-Nov-92,36,4280043,2107294,2172749
1-Nov-92,37,4259344,2101931,2157413
1-Nov-92,38,3964917,1948865,2016052
1-Nov-92,39,4147050,2044832,2102218
1-Nov-92,40,4095095,2017666,2077429
1-Nov-92,41,3694824,1811335,1883489
1-Nov-92,42,3787305,1864780,1922525
1-Nov-92,43,3586630,1753622,1833008
1-Nov-92,44,3684308,1817113,1867195
1-Nov-92,45,3915100,1929532,1985568
1-Nov-92,46,3053144,1495970,1557174
1-Nov-92,47,2856572,1396884,1459688
1-Nov-92,48,2712727,1323008,1389719
1-Nov-92,49,3096320,1518819,1577501
1-Nov-92,50,2872220,1405052,1467168
1-Nov-92,51,2462125,1197729,1264396
1-Nov-92,52,2400925,1168506,1232419
1-Nov-92,53,2320402,1124826,1195576
1-Nov-92,54,2347797,1137851,1209946
1-Nov-92,55,2200231,1060919,1139312
1-Nov-92,56,2148922,1031993,1116929
1-Nov-92,57,2190330,1049893,1140437
1-Nov-92,58,2012526,963723,1048803
1-Nov-92,59,2026425,967914,1058511
1-Nov-92,60,2040438,959922,1080516
1-Nov-92,61,2042813,963163,1079650
1-Nov-92,62,2104652,990213,1114439
1-Nov-92,63,2087169,982281,1104888
1-Nov-92,64,2142206,992272,1149934
1-Nov-92,65,2110130,966160,1143970
1-Nov-92,66,2023039,915073,1107966
1-Nov-92,67,2028305,912291,1116014
1-Nov-92,68,1950986,870290,1080696
1-Nov-92,69,1911156,843255,1067901
1-Nov-92,70,1887352,827087,1060265
1-Nov-92,71,1848893,809062,1039831
1-Nov-92,72,1725502,749453,976049
1-Nov-92,73,1580725,672534,908191
1-Nov-92,74,1511649,631226,880423
1-Nov-92,75,1430269,588746,841523
1-Nov-92,76,1353202,551667,801535
1-Nov-92,77,1287867,513201,774666
1-Nov-92,78,1225172,474985,750187
1-Nov-92,79,1136808,429985,706823
1-Nov-92,80,1024122,377260,646862
1-Nov-92,81,912141,327334,584807
1-Nov-92,82,833606,289809,543797
1-Nov-92,83,755846,255972,499874
1-Nov-92,84,678866,222558,456308
1-Nov-92,85,577419,183054,394365
1-Nov-92,86,498907,152504,346403
1-Nov-92,87,446390,131260,315130
1-Nov-92,88,389256,110269,278987
1-Nov-92,89,319846,87256,232590
1-Nov-92,90,257467,67727,189740
1-Nov-92,91,215545,54354,161191
1-Nov-92,92,180111,43294,136817
1-Nov-92,93,126257,28623,97634
1-Nov-92,94,96800,20912,75888
1-Nov-92,95,73870,15489,58381
1-Nov-92,96,57428,11528,45900
1-Nov-92,97,42106,8206,33900
1-Nov-92,98,29072,5529,23543
1-Nov-92,99,20287,3771,16516
1-Nov-92,100+,40149,7698,32451
,,,,
1-Dec-92,All Age,256541909,124678022,131863887
1-Dec-92,0,3939333,2016865,1922468
1-Dec-92,1,3954740,2019623,1935117
1-Dec-92,2,4004085,2050317,1953768
1-Dec-92,3,3888227,1989905,1898322
1-Dec-92,4,3843444,1966869,1876575
1-Dec-92,5,3758665,1924078,1834587
1-Dec-92,6,3701681,1894085,1807596
1-Dec-92,7,3747728,1918845,1828883
1-Dec-92,8,3552986,1817788,1735198
1-Dec-92,9,3736555,1915512,1821043
1-Dec-92,10,3857320,1976940,1880380
1-Dec-92,11,3649324,1869006,1780318
1-Dec-92,12,3806452,1948917,1857535
1-Dec-92,13,3633273,1861077,1772196
1-Dec-92,14,3499368,1795071,1704297
1-Dec-92,15,3547833,1822631,1725202
1-Dec-92,16,3399341,1750386,1648955
1-Dec-92,17,3428437,1770805,1657632
1-Dec-92,18,3368684,1712429,1656255
1-Dec-92,19,3479689,1748191,1731498
1-Dec-92,20,3594753,1801266,1793487
1-Dec-92,21,3747363,1865081,1882282
1-Dec-92,22,3893102,1941423,1951679
1-Dec-92,23,3698598,1847301,1851297
1-Dec-92,24,3695420,1845266,1850154
1-Dec-92,25,3718653,1854604,1864049
1-Dec-92,26,3762332,1863783,1898549
1-Dec-92,27,4021754,2000215,2021539
1-Dec-92,28,4035851,1999765,2036086
1-Dec-92,29,4421993,2198045,2223948
1-Dec-92,30,4525272,2250114,2275158
1-Dec-92,31,4294485,2126863,2167622
1-Dec-92,32,4593000,2278241,2314759
1-Dec-92,33,4371115,2158044,2213071
1-Dec-92,34,4487754,2227590,2260164
1-Dec-92,35,4540659,2252683,2287976
1-Dec-92,36,4285545,2110003,2175542
1-Dec-92,37,4269353,2107391,2161962
1-Dec-92,38,3982906,1958022,2024884
1-Dec-92,39,4149500,2045870,2103630
1-Dec-92,40,4116474,2028373,2088101
1-Dec-92,41,3688410,1808056,1880354
1-Dec-92,42,3807565,1875347,1932218
1-Dec-92,43,3582680,1751437,1831243
1-Dec-92,44,3687138,1818311,1868827
1-Dec-92,45,3873310,1908689,1964621
1-Dec-92,46,3160828,1549338,1611490
1-Dec-92,47,2852333,1394950,1457383
1-Dec-92,48,2717329,1325077,1392252
1-Dec-92,49,3070568,1505896,1564672
1-Dec-92,50,2916041,1427090,1488951
1-Dec-92,51,2468270,1200410,1267860
1-Dec-92,52,2411412,1173756,1237656
1-Dec-92,53,2320271,1124751,1195520
1-Dec-92,54,2352555,1140250,1212305
1-Dec-92,55,2212077,1066869,1145208
1-Dec-92,56,2147153,1031283,1115870
1-Dec-92,57,2186460,1047923,1138537
1-Dec-92,58,2028395,971454,1056941
1-Dec-92,59,2019471,964942,1054529
1-Dec-92,60,2041011,960538,1080473
1-Dec-92,61,2033614,958847,1074767
1-Dec-92,62,2104674,989770,1114904
1-Dec-92,63,2088091,983640,1104451
1-Dec-92,64,2135215,989009,1146206
1-Dec-92,65,2116056,969717,1146339
1-Dec-92,66,2023098,915277,1107821
1-Dec-92,67,2023692,910312,1113380
1-Dec-92,68,1953278,871359,1081919
1-Dec-92,69,1913064,844359,1068705
1-Dec-92,70,1881845,824476,1057369
1-Dec-92,71,1851692,810181,1041511
1-Dec-92,72,1735316,754398,980918
1-Dec-92,73,1582643,673556,909087
1-Dec-92,74,1515686,633383,882303
1-Dec-92,75,1431962,589250,842712
1-Dec-92,76,1354461,552476,801985
1-Dec-92,77,1288509,513786,774723
1-Dec-92,78,1228432,476620,751812
1-Dec-92,79,1136939,430242,706697
1-Dec-92,80,1029455,379070,650385
1-Dec-92,81,912983,328288,584695
1-Dec-92,82,835479,290290,545189
1-Dec-92,83,757233,256519,500714
1-Dec-92,84,679735,222944,456791
1-Dec-92,85,580582,184080,396502
1-Dec-92,86,499822,152898,346924
1-Dec-92,87,445571,131022,314549
1-Dec-92,88,391782,110953,280829
1-Dec-92,89,321025,87588,233437
1-Dec-92,90,259655,68197,191458
1-Dec-92,91,213749,53960,159789
1-Dec-92,92,182608,43883,138725
1-Dec-92,93,127128,28860,98268
1-Dec-92,94,97077,20934,76143
1-Dec-92,95,73876,15470,58406
1-Dec-92,96,57450,11515,45935
1-Dec-92,97,42356,8233,34123
1-Dec-92,98,29181,5544,23637
1-Dec-92,99,20277,3760,16517
1-Dec-92,100+,40294,7706,32588
Intercensal Estimates of the United States Civilian Population by Age and Sex: 1993,,,,
,,,,
1-Jan-93,All Age,256826632,124827382,131999250
1-Jan-93,0,3934978,2014878,1920100
1-Jan-93,1,3959094,2021812,1937282
1-Jan-93,2,4003766,2050060,1953706
1-Jan-93,3,3905009,1998461,1906548
1-Jan-93,4,3844343,1967472,1876871
1-Jan-93,5,3766955,1928293,1838662
1-Jan-93,6,3702832,1894482,1808350
1-Jan-93,7,3759045,1924905,1834140
1-Jan-93,8,3557342,1819837,1737505
1-Jan-93,9,3735300,1914972,1820328
1-Jan-93,10,3858978,1977628,1881350
1-Jan-93,11,3639716,1864030,1775686
1-Jan-93,12,3829511,1960791,1868720
1-Jan-93,13,3639968,1864568,1775400
1-Jan-93,14,3512498,1801769,1710729
1-Jan-93,15,3547458,1822496,1724962
1-Jan-93,16,3410810,1756191,1654619
1-Jan-93,17,3430659,1772267,1658392
1-Jan-93,18,3377193,1717140,1660053
1-Jan-93,19,3463514,1740370,1723144
1-Jan-93,20,3592172,1800914,1791258
1-Jan-93,21,3699555,1841230,1858325
1-Jan-93,22,3916479,1952879,1963600
1-Jan-93,23,3708912,1852436,1856476
1-Jan-93,24,3711697,1853664,1858033
1-Jan-93,25,3711538,1851645,1859893
1-Jan-93,26,3757811,1861387,1896424
1-Jan-93,27,4008486,1994345,2014141
1-Jan-93,28,4030638,1997089,2033549
1-Jan-93,29,4413326,2193946,2219380
1-Jan-93,30,4533939,2255027,2278912
1-Jan-93,31,4267169,2113567,2153602
1-Jan-93,32,4622229,2293324,2328905
1-Jan-93,33,4369706,2157918,2211788
1-Jan-93,34,4492057,2229762,2262295
1-Jan-93,35,4545649,2255708,2289941
1-Jan-93,36,4294139,2114335,2179804
1-Jan-93,37,4282323,2114446,2167877
1-Jan-93,38,3987880,1960832,2027048
1-Jan-93,39,4164367,2053172,2111195
1-Jan-93,40,4138781,2039588,2099193
1-Jan-93,41,3680508,1804084,1876424
1-Jan-93,42,3835196,1889585,1945611
1-Jan-93,43,3575305,1747594,1827711
1-Jan-93,44,3695056,1822037,1873019
1-Jan-93,45,3825526,1884902,1940624
1-Jan-93,46,3271049,1603924,1667125
1-Jan-93,47,2847339,1392695,1454644
1-Jan-93,48,2723472,1327872,1395600
1-Jan-93,49,3044692,1492900,1551792
1-Jan-93,50,2956353,1447414,1508939
1-Jan-93,51,2474596,1203162,1271434
1-Jan-93,52,2422214,1179148,1243066
1-Jan-93,53,2320081,1124643,1195438
1-Jan-93,54,2357415,1142707,1214708
1-Jan-93,55,2224279,1072984,1151295
1-Jan-93,56,2145273,1030516,1114757
1-Jan-93,57,2182399,1045848,1136551
1-Jan-93,58,2044725,979387,1065338
1-Jan-93,59,2012219,961828,1050391
1-Jan-93,60,2041495,961102,1080393
1-Jan-93,61,2024023,954334,1069689
1-Jan-93,62,2104574,989238,1115336
1-Jan-93,63,2088932,984979,1103953
1-Jan-93,64,2127903,985587,1142316
1-Jan-93,65,2122019,973286,1148733
1-Jan-93,66,2022998,915391,1107607
1-Jan-93,67,2018769,908167,1110602
1-Jan-93,68,1955438,872335,1083103
1-Jan-93,69,1914812,845372,1069440
1-Jan-93,70,1875947,821649,1054298
1-Jan-93,71,1854352,811211,1043141
1-Jan-93,72,1745169,759337,985832
1-Jan-93,73,1584377,674469,909908
1-Jan-93,74,1519578,635448,884130
1-Jan-93,75,1433435,589611,843824
1-Jan-93,76,1355486,553151,802335
1-Jan-93,77,1288851,514199,774652
1-Jan-93,78,1231460,478136,753324
1-Jan-93,79,1136729,430316,706413
1-Jan-93,80,1034576,380732,653844
1-Jan-93,81,913536,329101,584435
1-Jan-93,82,837081,290620,546461
1-Jan-93,83,758296,256910,501386
1-Jan-93,84,680283,223175,457108
1-Jan-93,85,583479,184970,398509
1-Jan-93,86,500443,153160,347283
1-Jan-93,87,444447,130658,313789
1-Jan-93,88,394034,111522,282512
1-Jan-93,89,321961,87830,234131
1-Jan-93,90,261625,68583,193042
1-Jan-93,91,211714,53492,158222
1-Jan-93,92,184887,44398,140489
1-Jan-93,93,127835,29041,98794
1-Jan-93,94,97196,20910,76286
1-Jan-93,95,73755,15418,58337
1-Jan-93,96,57366,11483,45883
1-Jan-93,97,42498,8229,34269
1-Jan-93,98,29217,5541,23676
1-Jan-93,99,20219,3740,16479
1-Jan-93,100+,40318,7685,32633
,,,,
1-Feb-93,All Age,257077833,124959535,132118298
1-Feb-93,0,3924475,2009825,1914650
1-Feb-93,1,3957905,2021811,1936094
1-Feb-93,2,4007404,2051388,1956016
1-Feb-93,3,3920552,2006413,1914139
1-Feb-93,4,3851300,1971140,1880160
1-Feb-93,5,3771724,1930579,1841145
1-Feb-93,6,3706240,1896307,1809933
1-Feb-93,7,3756126,1923323,1832803
1-Feb-93,8,3572284,1827555,1744729
1-Feb-93,9,3729963,1912121,1817842
1-Feb-93,10,3847617,1972044,1875573
1-Feb-93,11,3678508,1883905,1794603
1-Feb-93,12,3804730,1947995,1856735
1-Feb-93,13,3653499,1871163,1782336
1-Feb-93,14,3530175,1811050,1719125
1-Feb-93,15,3549974,1823873,1726101
1-Feb-93,16,3425459,1764070,1661389
1-Feb-93,17,3430766,1772034,1658732
1-Feb-93,18,3382298,1720847,1661451
1-Feb-93,19,3459465,1737996,1721469
1-Feb-93,20,3570764,1788904,1781860
1-Feb-93,21,3690597,1838345,1852252
1-Feb-93,22,3903568,1946241,1957327
1-Feb-93,23,3721308,1858337,1862971
1-Feb-93,24,3728185,1861799,1866386
1-Feb-93,25,3704580,1848327,1856253
1-Feb-93,26,3767327,1866726,1900601
1-Feb-93,27,3981009,1980192,2000817
1-Feb-93,28,4024589,1994594,2029995
1-Feb-93,29,4410054,2193188,2216866
1-Feb-93,30,4511634,2243787,2267847
1-Feb-93,31,4320207,2141431,2178776
1-Feb-93,32,4575902,2269613,2306289
1-Feb-93,33,4385372,2166827,2218545
1-Feb-93,34,4503397,2235776,2267621
1-Feb-93,35,4544590,2254910,2289680
1-Feb-93,36,4317880,2128064,2189816
1-Feb-93,37,4275628,2109453,2166175
1-Feb-93,38,3990869,1963012,2027857
1-Feb-93,39,4184096,2063521,2120575
1-Feb-93,40,4128076,2034058,2094018
1-Feb-93,41,3745126,1837133,1907993
1-Feb-93,42,3784156,1862611,1921545
1-Feb-93,43,3595556,1758513,1837043
1-Feb-93,44,3699577,1824422,1875155
1-Feb-93,45,3778782,1861042,1917740
1-Feb-93,46,3399680,1668562,1731118
1-Feb-93,47,2815966,1376109,1439857
1-Feb-93,48,2731272,1332148,1399124
1-Feb-93,49,3026058,1483417,1542641
1-Feb-93,50,2978369,1458312,1520057
1-Feb-93,51,2506753,1219487,1287266
1-Feb-93,52,2422881,1179053,1243828
1-Feb-93,53,2321942,1125733,1196209
1-Feb-93,54,2362509,1145253,1217256
1-Feb-93,55,2235343,1078502,1156841
1-Feb-93,56,2149558,1032743,1116815
1-Feb-93,57,2173893,1041608,1132285
1-Feb-93,58,2058365,986097,1072268
1-Feb-93,59,2011674,961821,1049853
1-Feb-93,60,2037166,959457,1077709
1-Feb-93,61,2021889,953498,1068391
1-Feb-93,62,2096401,984589,1111812
1-Feb-93,63,2090495,986731,1103764
1-Feb-93,64,2125848,984630,1141218
1-Feb-93,65,2122506,974372,1148134
1-Feb-93,66,2025568,916540,1109028
1-Feb-93,67,2013084,905787,1107297
1-Feb-93,68,1957910,873649,1084261
1-Feb-93,69,1915137,845645,1069492
1-Feb-93,70,1870473,818984,1051489
1-Feb-93,71,1856798,812217,1044581
1-Feb-93,72,1753221,763414,989807
1-Feb-93,73,1587166,675903,911263
1-Feb-93,74,1523149,637454,885695
1-Feb-93,75,1434433,589700,844733
1-Feb-93,76,1358946,554873,804073
1-Feb-93,77,1287238,513846,773392
1-Feb-93,78,1233152,479170,753982
1-Feb-93,79,1137778,430897,706881
1-Feb-93,80,1039925,382604,657321
1-Feb-93,81,913255,329464,583791
1-Feb-93,82,837762,290816,546946
1-Feb-93,83,760245,257665,502580
1-Feb-93,84,681454,223648,457806
1-Feb-93,85,585196,185520,399676
1-Feb-93,86,501389,153500,347889
1-Feb-93,87,443111,130304,312807
1-Feb-93,88,396264,112123,284141
1-Feb-93,89,323084,88154,234930
1-Feb-93,90,263217,68937,194280
1-Feb-93,91,210863,53296,157567
1-Feb-93,92,185796,44626,141170
1-Feb-93,93,129325,29421,99904
1-Feb-93,94,97456,20954,76502
1-Feb-93,95,73698,15384,58314
1-Feb-93,96,57359,11462,45897
1-Feb-93,97,42591,8230,34361
1-Feb-93,98,29343,5548,23795
1-Feb-93,99,20208,3738,16470
1-Feb-93,100+,40378,7675,32703
,,,,
1-Mar-93,All Age,257319497,125086028,132233469
1-Mar-93,0,3913320,2004362,1908958
1-Mar-93,1,3964046,2025273,1938773
1-Mar-93,2,4007708,2051296,1956412
1-Mar-93,3,3933468,2013026,1920442
1-Mar-93,4,3850192,1970684,1879508
1-Mar-93,5,3786249,1937872,1848377
1-Mar-93,6,3711403,1899039,1812364
1-Mar-93,7,3752815,1921552,1831263
1-Mar-93,8,3575200,1829124,1746076
1-Mar-93,9,3735036,1914623,1820413
1-Mar-93,10,3837301,1966996,1870305
1-Mar-93,11,3715400,1902813,1812587
1-Mar-93,12,3772122,1931228,1840894
1-Mar-93,13,3678939,1883917,1795022
1-Mar-93,14,3544890,1818813,1726077
1-Mar-93,15,3549670,1823826,1725844
1-Mar-93,16,3436159,1769914,1666245
1-Mar-93,17,3438316,1775719,1662597
1-Mar-93,18,3387562,1724693,1662869
1-Mar-93,19,3459169,1737380,1721789
1-Mar-93,20,3538176,1771239,1766937
1-Mar-93,21,3695527,1842224,1853303
1-Mar-93,22,3884146,1936222,1947924
1-Mar-93,23,3735695,1865129,1870566
1-Mar-93,24,3732242,1863679,1868563
1-Mar-93,25,3710712,1851360,1859352
1-Mar-93,26,3772088,1869758,1902330
1-Mar-93,27,3958993,1968775,1990218
1-Mar-93,28,4006256,1985771,2020485
1-Mar-93,29,4422217,2199809,2222408
1-Mar-93,30,4487631,2231486,2256145
1-Mar-93,31,4367975,2166376,2201599
1-Mar-93,32,4522180,2241974,2280206
1-Mar-93,33,4411114,2180543,2230571
1-Mar-93,34,4511616,2239997,2271619
1-Mar-93,35,4548168,2256461,2291707
1-Mar-93,36,4325567,2133803,2191764
1-Mar-93,37,4278454,2109222,2169232
1-Mar-93,38,4000337,1968275,2032062
1-Mar-93,39,4199921,2071954,2127967
1-Mar-93,40,4102554,2021263,2081291
1-Mar-93,41,3816896,1873598,1943298
1-Mar-93,42,3740971,1839849,1901122
1-Mar-93,43,3615724,1769406,1846318
1-Mar-93,44,3687291,1818589,1868702
1-Mar-93,45,3762157,1852158,1909999
1-Mar-93,46,3505602,1722079,1783523
1-Mar-93,47,2791751,1363202,1428549
1-Mar-93,48,2729448,1331755,1397693
1-Mar-93,49,3019830,1480165,1539665
1-Mar-93,50,2992910,1465614,1527296
1-Mar-93,51,2541729,1237155,1304574
1-Mar-93,52,2417034,1175853,1241181
1-Mar-93,53,2330298,1129991,1200307
1-Mar-93,54,2367128,1147546,1219582
1-Mar-93,55,2245391,1083517,1161874
1-Mar-93,56,2147616,1031961,1115655
1-Mar-93,57,2172174,1040648,1131526
1-Mar-93,58,2070726,992176,1078550
1-Mar-93,59,2011203,961822,1049381
1-Mar-93,60,2027560,955287,1072273
1-Mar-93,61,2025570,955389,1070181
1-Mar-93,62,2089052,980410,1108642
1-Mar-93,63,2091915,988306,1103609
1-Mar-93,64,2118099,981042,1137057
1-Mar-93,65,2128783,978036,1150747
1-Mar-93,66,2027841,917545,1110296
1-Mar-93,67,2007937,903632,1104305
1-Mar-93,68,1954797,872451,1082346
1-Mar-93,69,1920773,848253,1072520
1-Mar-93,70,1865469,816552,1048917
1-Mar-93,71,1858919,813085,1045834
1-Mar-93,72,1755772,765053,990719
1-Mar-93,73,1594130,679089,915041
1-Mar-93,74,1526207,639177,887030
1-Mar-93,75,1435226,589728,845498
1-Mar-93,76,1358307,554891,803416
1-Mar-93,77,1289268,514919,774349
1-Mar-93,78,1234531,480039,754492
1-Mar-93,79,1138579,431341,707238
1-Mar-93,80,1041889,383225,658664
1-Mar-93,81,915454,330667,584787
1-Mar-93,82,838222,290926,547296
1-Mar-93,83,761806,258256,503550
1-Mar-93,84,680559,223420,457139
1-Mar-93,85,588259,186486,401773
1-Mar-93,86,502073,153734,348339
1-Mar-93,87,441768,129929,311839
1-Mar-93,88,397087,112318,284769
1-Mar-93,89,324894,88646,236248
1-Mar-93,90,264467,69195,195272
1-Mar-93,91,209974,53086,156888
1-Mar-93,92,186455,44782,141673
1-Mar-93,93,130501,29713,100788
1-Mar-93,94,97597,20971,76626
1-Mar-93,95,73557,15328,58229
1-Mar-93,96,57139,11399,45740
1-Mar-93,97,42734,8244,34490
1-Mar-93,98,29400,5546,23854
1-Mar-93,99,20170,3731,16439
1-Mar-93,100+,40344,7647,32697
,,,,
1-Apr-93,All Age,257590755,125228557,132362198
1-Apr-93,0,3914106,2004835,1909271
1-Apr-93,1,3959764,2022856,1936908
1-Apr-93,2,4005671,2050546,1955125
1-Apr-93,3,3945023,2018947,1926076
1-Apr-93,4,3864424,1978080,1886344
1-Apr-93,5,3790345,1939793,1850552
1-Apr-93,6,3721222,1904167,1817055
1-Apr-93,7,3749516,1919775,1829741
1-Apr-93,8,3585318,1834376,1750942
1-Apr-93,9,3728262,1911037,1817225
1-Apr-93,10,3831160,1964091,1867069
1-Apr-93,11,3756297,1923769,1832528
1-Apr-93,12,3748653,1919130,1829523
1-Apr-93,13,3693985,1891309,1802676
1-Apr-93,14,3560908,1827254,1733654
1-Apr-93,15,3548788,1823477,1725311
1-Apr-93,16,3460191,1782636,1677555
1-Apr-93,17,3437380,1775049,1662331
1-Apr-93,18,3396686,1730907,1665779
1-Apr-93,19,3453391,1734510,1718881
1-Apr-93,20,3524198,1762918,1761280
1-Apr-93,21,3688924,1840698,1848226
1-Apr-93,22,3861346,1924568,1936778
1-Apr-93,23,3750593,1872121,1878472
1-Apr-93,24,3746766,1870653,1876113
1-Apr-93,25,3705169,1848719,1856450
1-Apr-93,26,3776647,1872777,1903870
1-Apr-93,27,3936926,1957258,1979668
1-Apr-93,28,4004878,1985570,2019308
1-Apr-93,29,4417843,2198260,2219583
1-Apr-93,30,4458748,2216762,2241986
1-Apr-93,31,4421383,2194115,2227268
1-Apr-93,32,4477544,2218823,2258721
1-Apr-93,33,4422418,2187254,2235164
1-Apr-93,34,4528813,2248665,2280148
1-Apr-93,35,4548003,2256123,2291880
1-Apr-93,36,4345668,2145641,2200027
1-Apr-93,37,4274319,2105440,2168879
1-Apr-93,38,4014851,1975960,2038891
1-Apr-93,39,4218629,2081740,2136889
1-Apr-93,40,4077962,2008810,2069152
1-Apr-93,41,3878940,1905345,1973595
1-Apr-93,42,3702022,1818820,1883202
1-Apr-93,43,3631743,1778224,1853519
1-Apr-93,44,3687515,1818782,1868733
1-Apr-93,45,3735882,1838403,1897479
1-Apr-93,46,3614308,1776906,1837402
1-Apr-93,47,2771682,1352192,1419490
1-Apr-93,48,2739110,1336919,1402191
1-Apr-93,49,2999946,1470143,1529803
1-Apr-93,50,3005605,1471901,1533704
1-Apr-93,51,2576514,1254798,1321716
1-Apr-93,52,2417832,1175832,1242000
1-Apr-93,53,2332249,1131158,1201091
1-Apr-93,54,2372285,1150123,1222162
1-Apr-93,55,2256557,1089087,1167470
1-Apr-93,56,2151968,1034216,1117752
1-Apr-93,57,2163794,1036481,1127313
1-Apr-93,58,2084423,998903,1085520
1-Apr-93,59,2010754,961872,1048882
1-Apr-93,60,2023266,953654,1069612
1-Apr-93,61,2023506,954594,1068912
1-Apr-93,62,2080944,975796,1105148
1-Apr-93,63,2093494,990072,1103422
1-Apr-93,64,2116109,980124,1135985
1-Apr-93,65,2129269,979134,1150135
1-Apr-93,66,2030380,918683,1111697
1-Apr-93,67,2002274,901288,1100986
1-Apr-93,68,1957202,873741,1083461
1-Apr-93,69,1921069,848511,1072558
1-Apr-93,70,1859939,813890,1046049
1-Apr-93,71,1861256,814063,1047193
1-Apr-93,72,1763625,769040,994585
1-Apr-93,73,1596766,680453,916313
1-Apr-93,74,1529550,641073,888477
1-Apr-93,75,1436064,589769,846295
1-Apr-93,76,1361546,556522,805024
1-Apr-93,77,1287469,514487,772982
1-Apr-93,78,1235979,480977,755002
1-Apr-93,79,1139346,431791,707555
1-Apr-93,80,1046869,384954,661915
1-Apr-93,81,914917,330916,584001
1-Apr-93,82,838635,291030,547605
1-Apr-93,83,763386,258866,504520
1-Apr-93,84,681417,223762,457655
1-Apr-93,85,589595,186892,402703
1-Apr-93,86,502691,153963,348728
1-Apr-93,87,440168,129489,310679
1-Apr-93,88,398920,112789,286131
1-Apr-93,89,325655,88856,236799
1-Apr-93,90,265671,69433,196238
1-Apr-93,91,208907,52835,156072
1-Apr-93,92,187034,44922,142112
1-Apr-93,93,131640,29997,101643
1-Apr-93,94,97642,20965,76677
1-Apr-93,95,73323,15257,58066
1-Apr-93,96,56980,11353,45627
1-Apr-93,97,42674,8217,34457
1-Apr-93,98,29405,5540,23865
1-Apr-93,99,20084,3709,16375
1-Apr-93,100+,40242,7626,32616
,,,,
1-May-93,All Age,257868707,125373931,132494776
1-May-93,0,3908280,2001956,1906324
1-May-93,1,3957991,2021935,1936056
1-May-93,2,4005371,2050657,1954714
1-May-93,3,3962727,2027804,1934923
1-May-93,4,3875098,1983545,1891553
1-May-93,5,3791679,1940582,1851097
1-May-93,6,3725387,1906274,1819113
1-May-93,7,3751651,1920684,1830967
1-May-93,8,3603810,1844116,1759694
1-May-93,9,3720316,1906814,1813502
1-May-93,10,3834762,1966078,1868684
1-May-93,11,3766730,1928960,1837770
1-May-93,12,3738438,1913911,1824527
1-May-93,13,3721170,1905251,1815919
1-May-93,14,3578139,1836197,1741942
1-May-93,15,3541440,1819693,1721747
1-May-93,16,3481041,1793413,1687628
1-May-93,17,3431815,1772162,1659653
1-May-93,18,3407698,1738023,1669675
1-May-93,19,3454366,1735325,1719041
1-May-93,20,3518293,1760231,1758062
1-May-93,21,3662069,1827879,1834190
1-May-93,22,3857887,1922077,1935810
1-May-93,23,3763134,1878327,1884807
1-May-93,24,3757338,1876232,1881106
1-May-93,25,3712538,1852645,1859893
1-May-93,26,3761775,1865815,1895960
1-May-93,27,3932466,1954731,1977735
1-May-93,28,3995721,1981604,2014117
1-May-93,29,4408198,2193020,2215178
1-May-93,30,4456775,2216168,2240607
1-May-93,31,4423243,2195279,2227964
1-May-93,32,4471573,2215938,2255635
1-May-93,33,4437605,2195233,2242372
1-May-93,34,4530354,2249555,2280799
1-May-93,35,4546163,2255329,2290834
1-May-93,36,4371329,2158567,2212762
1-May-93,37,4272377,2104399,2167978
1-May-93,38,4028642,1983301,2045341
1-May-93,39,4237101,2090952,2146149
1-May-93,40,4072741,2006316,2066425
1-May-93,41,3882720,1907231,1975489
1-May-93,42,3723789,1829449,1894340
1-May-93,43,3637055,1781407,1855648
1-May-93,44,3674597,1812128,1862469
1-May-93,45,3723617,1832178,1891439
1-May-93,46,3686046,1812039,1874007
1-May-93,47,2773862,1353716,1420146
1-May-93,48,2748353,1341594,1406759
1-May-93,49,2975787,1458024,1517763
1-May-93,50,3030236,1483911,1546325
1-May-93,51,2578698,1255974,1322724
1-May-93,52,2430004,1181859,1248145
1-May-93,53,2341573,1135789,1205784
1-May-93,54,2370893,1149516,1221377
1-May-93,55,2263267,1092420,1170847
1-May-93,56,2157304,1036935,1120369
1-May-93,57,2163235,1036353,1126882
1-May-93,58,2086839,999886,1086953
1-May-93,59,2018652,965804,1052848
1-May-93,60,2022981,953971,1069010
1-May-93,61,2012025,949189,1062836
1-May-93,62,2079329,975360,1103969
1-May-93,63,2095136,990251,1104885
1-May-93,64,2112108,979100,1133008
1-May-93,65,2126182,977779,1148403
1-May-93,66,2033709,921214,1112495
1-May-93,67,2002317,901358,1100959
1-May-93,68,1955431,872901,1082530
1-May-93,69,1922662,849298,1073364
1-May-93,70,1860087,814132,1045955
1-May-93,71,1856013,811644,1044369
1-May-93,72,1770908,772159,998749
1-May-93,73,1603592,683968,919624
1-May-93,74,1531751,642259,889492
1-May-93,75,1440049,591853,848196
1-May-93,76,1361427,556350,805077
1-May-93,77,1287768,514889,772879
1-May-93,78,1237569,481837,755732
1-May-93,79,1140994,432868,708126
1-May-93,80,1048164,385590,662574
1-May-93,81,918863,332389,586474
1-May-93,82,840767,292371,548396
1-May-93,83,764135,258879,505256
1-May-93,84,682293,224222,458071
1-May-93,85,590605,187327,403278
1-May-93,86,505284,154866,350418
1-May-93,87,440963,129807,311156
1-May-93,88,398555,112706,285849
1-May-93,89,327594,89409,238185
1-May-93,90,266871,69734,197137
1-May-93,91,209387,52949,156438
1-May-93,92,186603,44857,141746
1-May-93,93,133704,30496,103208
1-May-93,94,98008,21068,76940
1-May-93,95,73357,15236,58121
1-May-93,96,56969,11341,45628
1-May-93,97,42760,8220,34540
1-May-93,98,29592,5559,24033
1-May-93,99,20122,3722,16400
1-May-93,100+,40315,7612,32703
,,,,
1-Jun-93,All Age,258159465,125523330,132636135
1-Jun-93,0,3899718,1998319,1901399
1-Jun-93,1,3949647,2018031,1931616
1-Jun-93,2,4004820,2050220,1954600
1-Jun-93,3,3980719,2036821,1943898
1-Jun-93,4,3886486,1989379,1897107
1-Jun-93,5,3797707,1943779,1853928
1-Jun-93,6,3729601,1908386,1821215
1-Jun-93,7,3749785,1919528,1830257
1-Jun-93,8,3624603,1855043,1769560
1-Jun-93,9,3716717,1904797,1811920
1-Jun-93,10,3832644,1965136,1867508
1-Jun-93,11,3781428,1936324,1845104
1-Jun-93,12,3731950,1910578,1821372
1-Jun-93,13,3739125,1914467,1824658
1-Jun-93,14,3595013,1844936,1750077
1-Jun-93,15,3538268,1818029,1720239
1-Jun-93,16,3506508,1806559,1699949
1-Jun-93,17,3423491,1767810,1655681
1-Jun-93,18,3419044,1745424,1673620
1-Jun-93,19,3459232,1738134,1721098
1-Jun-93,20,3503369,1752974,1750395
1-Jun-93,21,3652727,1823679,1829048
1-Jun-93,22,3839582,1911660,1927922
1-Jun-93,23,3780833,1887058,1893775
1-Jun-93,24,3759030,1877366,1881664
1-Jun-93,25,3714666,1853925,1860741
1-Jun-93,26,3762028,1866594,1895434
1-Jun-93,27,3919949,1948152,1971797
1-Jun-93,28,3986748,1977715,2009033
1-Jun-93,29,4400968,2188937,2212031
1-Jun-93,30,4458941,2217600,2241341
1-Jun-93,31,4425578,2196671,2228907
1-Jun-93,32,4466961,2213622,2253339
1-Jun-93,33,4452323,2203036,2249287
1-Jun-93,34,4521382,2245221,2276161
1-Jun-93,35,4547393,2256034,2291359
1-Jun-93,36,4404217,2174973,2229244
1-Jun-93,37,4259624,2098055,2161569
1-Jun-93,38,4045653,1992078,2053575
1-Jun-93,39,4247940,2096339,2151601
1-Jun-93,40,4080466,2010166,2070300
1-Jun-93,41,3877822,1904777,1973045
1-Jun-93,42,3744417,1839476,1904941
1-Jun-93,43,3649454,1787996,1861458
1-Jun-93,44,3678402,1813620,1864782
1-Jun-93,45,3694463,1817605,1876858
1-Jun-93,46,3756118,1846277,1909841
1-Jun-93,47,2781793,1358036,1423757
1-Jun-93,48,2755817,1345388,1410429
1-Jun-93,49,2960005,1449992,1510013
1-Jun-93,50,3051686,1494322,1557364
1-Jun-93,51,2577989,1255800,1322189
1-Jun-93,52,2442693,1188153,1254540
1-Jun-93,53,2351220,1140565,1210655
1-Jun-93,54,2369546,1148928,1220618
1-Jun-93,55,2270295,1095904,1174391
1-Jun-93,56,2162908,1039793,1123115
1-Jun-93,57,2162771,1036269,1126502
1-Jun-93,58,2089460,1000968,1088492
1-Jun-93,59,2026927,969936,1056991
1-Jun-93,60,2022832,954358,1068474
1-Jun-93,61,2000335,943694,1056641
1-Jun-93,62,2077846,974988,1102858
1-Jun-93,63,2096995,990508,1106487
1-Jun-93,64,2108202,978161,1130041
1-Jun-93,65,2123232,976485,1146747
1-Jun-93,66,2037380,923928,1113452
1-Jun-93,67,2002617,901547,1101070
1-Jun-93,68,1953876,872169,1081707
1-Jun-93,69,1924586,850226,1074360
1-Jun-93,70,1860506,814493,1046013
1-Jun-93,71,1850953,809313,1041640
1-Jun-93,72,1778715,775503,1003212
1-Jun-93,73,1610932,687713,923219
1-Jun-93,74,1534316,643606,890710
1-Jun-93,75,1444505,594147,850358
1-Jun-93,76,1361660,556316,805344
1-Jun-93,77,1288439,515440,772999
1-Jun-93,78,1239584,482868,756716
1-Jun-93,79,1143043,434093,708950
1-Jun-93,80,1049848,386362,663486
1-Jun-93,81,923247,334011,589236
1-Jun-93,82,843299,293854,549445
1-Jun-93,83,765231,258987,506244
1-Jun-93,84,683521,224782,458739
1-Jun-93,85,591931,187845,404086
1-Jun-93,86,508196,155842,352354
1-Jun-93,87,442047,130194,311853
1-Jun-93,88,398434,112670,285764
1-Jun-93,89,329774,90002,239772
1-Jun-93,90,268274,70074,198200
1-Jun-93,91,210019,53075,156944
1-Jun-93,92,186308,44815,141493
1-Jun-93,93,135887,31011,104876
1-Jun-93,94,98448,21174,77274
1-Jun-93,95,73451,15225,58226
1-Jun-93,96,57004,11331,45673
1-Jun-93,97,42883,8228,34655
1-Jun-93,98,29797,5580,24217
1-Jun-93,99,20166,3726,16440
1-Jun-93,100+,40476,7626,32850
,,,,
1-Jul-93,All Age,258445963,125664909,132781054
1-Jul-93,0,3894191,1995451,1898740
1-Jul-93,1,3955183,2020808,1934375
1-Jul-93,2,3992724,2043455,1949269
1-Jul-93,3,3989373,2041930,1947443
1-Jul-93,4,3897804,1995178,1902626
1-Jul-93,5,3805253,1947739,1857514
1-Jul-93,6,3743247,1915341,1827906
1-Jul-93,7,3748730,1918806,1829924
1-Jul-93,8,3636925,1861634,1775291
1-Jul-93,9,3711801,1902108,1809693
1-Jul-93,10,3829516,1963678,1865838
1-Jul-93,11,3796036,1943649,1852387
1-Jul-93,12,3727762,1908417,1819345
1-Jul-93,13,3761340,1925866,1835474
1-Jul-93,14,3606749,1851043,1755706
1-Jul-93,15,3536566,1817117,1719449
1-Jul-93,16,3525035,1816119,1708916
1-Jul-93,17,3425418,1768273,1657145
1-Jul-93,18,3424188,1746929,1677259
1-Jul-93,19,3456508,1736833,1719675
1-Jul-93,20,3499421,1751249,1748172
1-Jul-93,21,3632449,1814299,1818150
1-Jul-93,22,3817447,1899998,1917449
1-Jul-93,23,3800958,1896998,1903960
1-Jul-93,24,3763857,1879873,1883984
1-Jul-93,25,3715486,1854360,1861126
1-Jul-93,26,3761190,1866395,1894795
1-Jul-93,27,3904822,1940171,1964651
1-Jul-93,28,3972787,1971239,2001548
1-Jul-93,29,4401134,2188155,2212979
1-Jul-93,30,4466078,2221356,2244722
1-Jul-93,31,4420803,2194463,2226340
1-Jul-93,32,4461983,2211074,2250909
1-Jul-93,33,4460760,2207566,2253194
1-Jul-93,34,4522452,2245602,2276850
1-Jul-93,35,4540074,2252419,2287655
1-Jul-93,36,4420778,2183214,2237564
1-Jul-93,37,4267464,2101738,2165726
1-Jul-93,38,4053054,1996143,2056911
1-Jul-93,39,4252845,2098811,2154034
1-Jul-93,40,4091268,2015418,2075850
1-Jul-93,41,3890709,1911072,1979637
1-Jul-93,42,3739529,1836879,1902650
1-Jul-93,43,3677418,1802306,1875112
1-Jul-93,44,3691346,1819639,1871707
1-Jul-93,45,3661952,1801432,1860520
1-Jul-93,46,3815993,1875503,1940490
1-Jul-93,47,2796376,1365649,1430727
1-Jul-93,48,2757625,1346481,1411144
1-Jul-93,49,2949864,1444758,1505106
1-Jul-93,50,3072438,1504355,1568083
1-Jul-93,51,2588300,1261040,1327260
1-Jul-93,52,2455044,1194284,1260760
1-Jul-93,53,2360668,1145258,1215410
1-Jul-93,54,2368320,1148395,1219925
1-Jul-93,55,2277159,1099317,1177842
1-Jul-93,56,2168416,1042612,1125804
1-Jul-93,57,2162454,1036281,1126173
1-Jul-93,58,2092092,1002060,1090032
1-Jul-93,59,2035028,973976,1061052
1-Jul-93,60,2022772,954782,1067990
1-Jul-93,61,1989148,938440,1050708
1-Jul-93,62,2076536,974698,1101838
1-Jul-93,63,2098931,990838,1108093
1-Jul-93,64,2104575,977334,1127241
1-Jul-93,65,2120517,975320,1145197
1-Jul-93,66,2041079,926627,1114452
1-Jul-93,67,2003067,901831,1101236
1-Jul-93,68,1952519,871535,1080984
1-Jul-93,69,1926597,851204,1075393
1-Jul-93,70,1861074,814934,1046140
1-Jul-93,71,1846246,807169,1039077
1-Jul-93,72,1786398,778808,1007590
1-Jul-93,73,1618182,691412,926770
1-Jul-93,74,1536940,644981,891959
1-Jul-93,75,1448975,596438,852537
1-Jul-93,76,1362080,556389,805691
1-Jul-93,77,1289251,516057,773194
1-Jul-93,78,1241695,483938,757757
1-Jul-93,79,1145198,435357,709841
1-Jul-93,80,1051641,387177,664464
1-Jul-93,81,927630,335638,591992
1-Jul-93,82,845877,295329,550548
1-Jul-93,83,766435,259157,507278
1-Jul-93,84,684844,225365,459479
1-Jul-93,85,593326,188390,404936
1-Jul-93,86,511088,156803,354285
1-Jul-93,87,443172,130590,312582
1-Jul-93,88,398425,112663,285762
1-Jul-93,89,331928,90589,241339
1-Jul-93,90,269665,70405,199260
1-Jul-93,91,210668,53207,157461
1-Jul-93,92,186061,44773,141288
1-Jul-93,93,137945,31483,106462
1-Jul-93,94,98879,21277,77602
1-Jul-93,95,73544,15210,58334
1-Jul-93,96,57042,11326,45716
1-Jul-93,97,42998,8239,34759
1-Jul-93,98,29976,5601,24375
1-Jul-93,99,20198,3727,16471
1-Jul-93,100+,40651,7656,32995
,,,,
1-Aug-93,All Age,258760846,125824868,132935978
1-Aug-93,0,3888654,1993028,1895626
1-Aug-93,1,3952030,2019653,1932377
1-Aug-93,2,3988579,2040692,1947887
1-Aug-93,3,4003128,2049188,1953940
1-Aug-93,4,3908457,2000619,1907838
1-Aug-93,5,3813752,1952216,1861536
1-Aug-93,6,3746422,1916918,1829504
1-Aug-93,7,3749329,1918904,1830425
1-Aug-93,8,3648311,1867732,1780579
1-Aug-93,9,3719027,1905639,1813388
1-Aug-93,10,3819768,1958818,1860950
1-Aug-93,11,3803992,1947593,1856399
1-Aug-93,12,3721399,1905175,1816224
1-Aug-93,13,3784338,1937675,1846663
1-Aug-93,14,3623625,1859773,1763852
1-Aug-93,15,3541110,1819452,1721658
1-Aug-93,16,3540664,1824161,1716503
1-Aug-93,17,3423598,1766788,1656810
1-Aug-93,18,3421419,1743190,1678229
1-Aug-93,19,3462621,1739851,1722770
1-Aug-93,20,3498639,1751394,1747245
1-Aug-93,21,3613217,1805966,1807251
1-Aug-93,22,3790454,1887222,1903232
1-Aug-93,23,3822961,1908077,1914884
1-Aug-93,24,3774788,1885408,1889380
1-Aug-93,25,3719337,1856534,1862803
1-Aug-93,26,3762281,1867313,1894968
1-Aug-93,27,3883637,1929369,1954268
1-Aug-93,28,3958801,1964907,1993894
1-Aug-93,29,4398787,2186406,2212381
1-Aug-93,30,4466259,2221641,2244618
1-Aug-93,31,4421015,2194809,2226206
1-Aug-93,32,4444461,2202369,2242092
1-Aug-93,33,4481992,2218520,2263472
1-Aug-93,34,4532068,2250373,2281695
1-Aug-93,35,4522487,2243703,2278784
1-Aug-93,36,4434277,2190002,2244275
1-Aug-93,37,4281468,2108728,2172740
1-Aug-93,38,4059302,1999899,2059403
1-Aug-93,39,4257675,2101493,2156182
1-Aug-93,40,4099699,2019505,2080194
1-Aug-93,41,3917648,1924551,1993097
1-Aug-93,42,3733407,1833714,1899693
1-Aug-93,43,3695426,1811868,1883558
1-Aug-93,44,3695772,1821489,1874283
1-Aug-93,45,3653795,1797277,1856518
1-Aug-93,46,3849446,1891803,1957643
1-Aug-93,47,2837043,1386138,1450905
1-Aug-93,48,2753149,1344650,1408499
1-Aug-93,49,2944896,1442097,1502799
1-Aug-93,50,3089812,1512719,1577093
1-Aug-93,51,2620663,1277400,1343263
1-Aug-93,52,2456878,1194800,1262078
1-Aug-93,53,2374395,1152242,1222153
1-Aug-93,54,2366689,1147597,1219092
1-Aug-93,55,2282866,1102164,1180702
1-Aug-93,56,2178379,1047583,1130796
1-Aug-93,57,2159532,1034963,1124569
1-Aug-93,58,2091950,1001912,1090038
1-Aug-93,59,2049349,980957,1068392
1-Aug-93,60,2016350,952172,1064178
1-Aug-93,61,1987699,937973,1049726
1-Aug-93,62,2066730,970175,1096555
1-Aug-93,63,2102121,991757,1110364
1-Aug-93,64,2103327,977678,1125649
1-Aug-93,65,2113880,972345,1141535
1-Aug-93,66,2047866,930584,1117282
1-Aug-93,67,2002559,901780,1100779
1-Aug-93,68,1949283,870176,1079107
1-Aug-93,69,1929390,852503,1076887
1-Aug-93,70,1862589,815822,1046767
1-Aug-93,71,1840212,804322,1035890
1-Aug-93,72,1791638,781115,1010523
1-Aug-93,73,1627652,696012,931640
1-Aug-93,74,1539363,646384,892979
1-Aug-93,75,1453668,598863,854805
1-Aug-93,76,1363106,556596,806510
1-Aug-93,77,1290375,516898,773477
1-Aug-93,78,1242792,484717,758075
1-Aug-93,79,1148477,436950,711527
1-Aug-93,80,1052711,387923,664788
1-Aug-93,81,932824,337451,595373
1-Aug-93,82,847523,296664,550859
1-Aug-93,83,768434,259539,508895
1-Aug-93,84,686203,225952,460251
1-Aug-93,85,594820,189021,405799
1-Aug-93,86,513979,157721,356258
1-Aug-93,87,444084,130973,313111
1-Aug-93,88,398004,112544,285460
1-Aug-93,89,334607,91345,243262
1-Aug-93,90,270846,70731,200115
1-Aug-93,91,212504,53616,158888
1-Aug-93,92,184647,44502,140145
1-Aug-93,93,140779,32142,108637
1-Aug-93,94,99439,21434,78005
1-Aug-93,95,73771,15226,58545
1-Aug-93,96,57146,11334,45812
1-Aug-93,97,43125,8253,34872
1-Aug-93,98,30261,5637,24624
1-Aug-93,99,20294,3743,16551
1-Aug-93,100+,40845,7668,33177
,,,,
1-Sep-93,All Age,259071598,125985839,133085759
1-Sep-93,0,3890186,1993477,1896709
1-Sep-93,1,3935308,2011592,1923716
1-Sep-93,2,3983414,2037527,1945887
1-Sep-93,3,4011983,2053822,1958161
1-Sep-93,4,3921015,2007049,1913966
1-Sep-93,5,3834730,1963106,1871624
1-Sep-93,6,3745036,1916179,1828857
1-Sep-93,7,3746022,1917020,1829002
1-Sep-93,8,3653120,1870494,1782626
1-Sep-93,9,3729738,1910961,1818777
1-Sep-93,10,3815284,1956678,1858606
1-Sep-93,11,3808618,1949834,1858784
1-Sep-93,12,3717166,1903041,1814125
1-Sep-93,13,3801278,1946411,1854867
1-Sep-93,14,3638822,1867672,1771150
1-Sep-93,15,3545315,1821632,1723683
1-Sep-93,16,3559499,1833892,1725607
1-Sep-93,17,3427829,1768974,1658855
1-Sep-93,18,3412805,1737557,1675248
1-Sep-93,19,3469241,1743150,1726091
1-Sep-93,20,3493310,1749433,1743877
1-Sep-93,21,3596670,1799082,1797588
1-Sep-93,22,3769764,1877385,1892379
1-Sep-93,23,3842702,1918025,1924677
1-Sep-93,24,3785127,1890901,1894226
1-Sep-93,25,3722353,1858311,1864042
1-Sep-93,26,3755890,1864845,1891045
1-Sep-93,27,3869456,1922028,1947428
1-Sep-93,28,3951942,1962314,1989628
1-Sep-93,29,4384937,2178991,2205946
1-Sep-93,30,4457291,2217529,2239762
1-Sep-93,31,4426230,2197767,2228463
1-Sep-93,32,4419821,2190366,2229455
1-Sep-93,33,4516180,2236050,2280130
1-Sep-93,34,4540424,2254782,2285642
1-Sep-93,35,4511416,2238216,2273200
1-Sep-93,36,4436216,2191259,2244957
1-Sep-93,37,4294612,2115175,2179437
1-Sep-93,38,4074370,2008023,2066347
1-Sep-93,39,4264876,2105332,2159544
1-Sep-93,40,4104857,2022051,2082806
1-Sep-93,41,3943326,1937194,2006132
1-Sep-93,42,3722920,1828472,1894448
1-Sep-93,43,3719004,1824106,1894898
1-Sep-93,44,3691274,1818919,1872355
1-Sep-93,45,3657255,1798898,1858357
1-Sep-93,46,3858043,1895824,1962219
1-Sep-93,47,2901779,1418386,1483393
1-Sep-93,48,2751925,1344370,1407555
1-Sep-93,49,2936049,1437540,1498509
1-Sep-93,50,3098764,1516959,1581805
1-Sep-93,51,2663449,1298833,1364616
1-Sep-93,52,2458686,1195319,1263367
1-Sep-93,53,2388047,1159168,1228879
1-Sep-93,54,2365099,1146851,1218248
1-Sep-93,55,2288586,1105015,1183571
1-Sep-93,56,2188351,1052572,1135779
1-Sep-93,57,2156651,1033689,1122962
1-Sep-93,58,2091866,1001806,1090060
1-Sep-93,59,2063684,987951,1075733
1-Sep-93,60,2010017,949621,1060396
1-Sep-93,61,1986309,937552,1048757
1-Sep-93,62,2057024,965726,1091298
1-Sep-93,63,2105402,992736,1112666
1-Sep-93,64,2102214,978103,1124111
1-Sep-93,65,2107367,969455,1137912
1-Sep-93,66,2054777,934623,1120154
1-Sep-93,67,2002203,901820,1100383
1-Sep-93,68,1946192,868901,1077291
1-Sep-93,69,1932323,853890,1078433
1-Sep-93,70,1864244,816801,1047443
1-Sep-93,71,1834387,801611,1032776
1-Sep-93,72,1797034,783515,1013519
1-Sep-93,73,1637250,700699,936551
1-Sep-93,74,1541930,647872,894058
1-Sep-93,75,1458524,601381,857143
1-Sep-93,76,1364316,556915,807401
1-Sep-93,77,1291683,517831,773852
1-Sep-93,78,1244075,485597,758478
1-Sep-93,79,1151928,438626,713302
1-Sep-93,80,1053931,388751,665180
1-Sep-93,81,938151,339332,598819
1-Sep-93,82,849316,298067,551249
1-Sep-93,83,770560,259987,510573
1-Sep-93,84,687684,226596,461088
1-Sep-93,85,596427,189693,406734
1-Sep-93,86,516937,158671,358266
1-Sep-93,87,445084,131388,313696
1-Sep-93,88,397692,112466,285226
1-Sep-93,89,337298,92100,245198
1-Sep-93,90,272064,71073,200991
1-Sep-93,91,214332,54016,160316
1-Sep-93,92,183296,44246,139050
1-Sep-93,93,143554,32791,110763
1-Sep-93,94,99989,21591,78398
1-Sep-93,95,73997,15240,58757
1-Sep-93,96,57244,11349,45895
1-Sep-93,97,43252,8272,34980
1-Sep-93,98,30525,5669,24856
1-Sep-93,99,20388,3763,16625
1-Sep-93,100+,41067,7698,33369
,,,,
1-Oct-93,All Age,259376222,126142968,133233254
1-Oct-93,0,3889443,1992916,1896527
1-Oct-93,1,3927534,2008192,1919342
1-Oct-93,2,3981215,2036045,1945170
1-Oct-93,3,4016307,2055876,1960431
1-Oct-93,4,3931603,2012473,1919130
1-Oct-93,5,3845927,1968989,1876938
1-Oct-93,6,3745963,1916623,1829340
1-Oct-93,7,3748296,1917990,1830306
1-Oct-93,8,3661156,1874890,1786266
1-Oct-93,9,3741255,1916707,1824548
1-Oct-93,10,3803552,1950808,1852744
1-Oct-93,11,3820652,1955858,1864794
1-Oct-93,12,3705486,1897075,1808411
1-Oct-93,13,3827183,1959737,1867446
1-Oct-93,14,3651527,1874262,1777265
1-Oct-93,15,3547226,1822636,1724590
1-Oct-93,16,3570470,1839565,1730905
1-Oct-93,17,3439752,1775307,1664445
1-Oct-93,18,3401243,1730742,1670501
1-Oct-93,19,3484160,1750725,1733435
1-Oct-93,20,3481956,1744211,1737745
1-Oct-93,21,3574625,1788897,1785728
1-Oct-93,22,3745860,1865752,1880108
1-Oct-93,23,3871398,1932174,1939224
1-Oct-93,24,3792258,1894534,1897724
1-Oct-93,25,3723707,1859132,1864575
1-Oct-93,26,3746561,1860783,1885778
1-Oct-93,27,3856359,1915225,1941134
1-Oct-93,28,3941000,1957651,1983349
1-Oct-93,29,4373984,2173022,2200962
1-Oct-93,30,4456416,2217410,2239006
1-Oct-93,31,4428766,2199363,2229403
1-Oct-93,32,4392019,2176728,2215291
1-Oct-93,33,4548197,2252433,2295764
1-Oct-93,34,4534413,2251984,2282429
1-Oct-93,35,4515991,2240384,2275607
1-Oct-93,36,4442311,2194643,2247668
1-Oct-93,37,4304629,2120164,2184465
1-Oct-93,38,4088802,2015819,2072983
1-Oct-93,39,4276343,2111246,2165097
1-Oct-93,40,4108151,2023699,2084452
1-Oct-93,41,3967622,1949257,2018365
1-Oct-93,42,3717268,1825618,1891650
1-Oct-93,43,3742601,1836398,1906203
1-Oct-93,44,3685130,1815588,1869542
1-Oct-93,45,3661864,1801131,1860733
1-Oct-93,46,3844637,1889035,1955602
1-Oct-93,47,2986144,1460311,1525833
1-Oct-93,48,2759093,1348168,1410925
1-Oct-93,49,2921450,1430193,1491257
1-Oct-93,50,3089593,1512353,1577240
1-Oct-93,51,2720665,1327361,1393304
1-Oct-93,52,2460460,1195841,1264619
1-Oct-93,53,2401299,1165886,1235413
1-Oct-93,54,2363574,1146149,1217425
1-Oct-93,55,2294163,1107804,1186359
1-Oct-93,56,2198025,1057412,1140613
1-Oct-93,57,2153876,1032470,1121406
1-Oct-93,58,2091804,1001718,1090086
1-Oct-93,59,2077565,994728,1082837
1-Oct-93,60,2003924,947177,1056747
1-Oct-93,61,1984969,937147,1047822
1-Oct-93,62,2047670,961461,1086209
1-Oct-93,63,2108615,993709,1114906
1-Oct-93,64,2101163,978524,1122639
1-Oct-93,65,2101123,966715,1134408
1-Oct-93,66,2061464,938529,1122935
1-Oct-93,67,2001891,901862,1100029
1-Oct-93,68,1943245,867695,1075550
1-Oct-93,69,1935157,855234,1079923
1-Oct-93,70,1865855,817760,1048095
1-Oct-93,71,1828818,799026,1029792
1-Oct-93,72,1802250,785846,1016404
1-Oct-93,73,1646493,705203,941290
1-Oct-93,74,1544384,649310,895074
1-Oct-93,75,1463215,603830,859385
1-Oct-93,76,1365497,557217,808280
1-Oct-93,77,1292937,518730,774207
1-Oct-93,78,1245296,486432,758864
1-Oct-93,79,1155233,440229,715004
1-Oct-93,80,1055057,389519,665538
1-Oct-93,81,943235,341100,602135
1-Oct-93,82,850996,299395,551601
1-Oct-93,83,772530,260373,512157
1-Oct-93,84,689051,227184,461867
1-Oct-93,85,597922,190310,407612
1-Oct-93,86,519686,159538,360148
1-Oct-93,87,445988,131758,314230
1-Oct-93,88,397334,112382,284952
1-Oct-93,89,339804,92789,247015
1-Oct-93,90,273167,71381,201786
1-Oct-93,91,216003,54371,161632
1-Oct-93,92,181942,43971,137971
1-Oct-93,93,146117,33376,112741
1-Oct-93,94,100451,21727,78724
1-Oct-93,95,74154,15237,58917
1-Oct-93,96,57311,11360,45951
1-Oct-93,97,43327,8278,35049
1-Oct-93,98,30737,5694,25043
1-Oct-93,99,20444,3773,16671
1-Oct-93,100+,41238,7725,33513
,,,,
1-Nov-93,All Age,259652539,126287371,133365168
1-Nov-93,0,3880051,1987989,1892062
1-Nov-93,1,3922780,2006888,1915892
1-Nov-93,2,3977072,2032757,1944315
1-Nov-93,3,4024238,2060097,1964141
1-Nov-93,4,3947821,2020762,1927059
1-Nov-93,5,3849850,1971161,1878689
1-Nov-93,6,3753838,1920628,1833210
1-Nov-93,7,3743815,1915518,1828297
1-Nov-93,8,3666233,1877779,1788454
1-Nov-93,9,3756925,1924554,1832371
1-Nov-93,10,3795324,1946719,1848605
1-Nov-93,11,3831349,1961222,1870127
1-Nov-93,12,3692643,1890494,1802149
1-Nov-93,13,3845713,1969293,1876420
1-Nov-93,14,3666999,1882258,1784741
1-Nov-93,15,3550421,1824282,1726139
1-Nov-93,16,3579538,1844273,1735265
1-Nov-93,17,3453539,1782605,1670934
1-Nov-93,18,3389515,1724654,1664861
1-Nov-93,19,3501443,1759456,1741987
1-Nov-93,20,3472983,1740236,1732747
1-Nov-93,21,3552172,1778153,1774019
1-Nov-93,22,3722840,1854444,1868396
1-Nov-93,23,3891571,1941982,1949589
1-Nov-93,24,3800022,1898295,1901727
1-Nov-93,25,3727895,1861370,1866525
1-Nov-93,26,3738979,1857636,1881343
1-Nov-93,27,3849508,1911706,1937802
1-Nov-93,28,3923978,1949779,1974199
1-Nov-93,29,4364425,2167921,2196504
1-Nov-93,30,4452300,2215584,2236716
1-Nov-93,31,4433386,2202027,2231359
1-Nov-93,32,4374782,2168228,2206554
1-Nov-93,33,4570895,2264138,2306757
1-Nov-93,34,4524734,2247420,2277314
1-Nov-93,35,4515894,2240364,2275530
1-Nov-93,36,4453067,2200332,2252735
1-Nov-93,37,4317753,2126645,2191108
1-Nov-93,38,4101768,2022994,2078774
1-Nov-93,39,4295302,2120921,2174381
1-Nov-93,40,4105053,2022458,2082595
1-Nov-93,41,3984478,1957766,2026712
1-Nov-93,42,3715920,1824897,1891023
1-Nov-93,43,3763083,1847245,1915838
1-Nov-93,44,3683222,1814429,1868793
1-Nov-93,45,3663571,1802091,1861480
1-Nov-93,46,3817205,1875455,1941750
1-Nov-93,47,3088506,1511165,1577341
1-Nov-93,48,2762174,1349998,1412176
1-Nov-93,49,2912653,1425667,1486986
1-Nov-93,50,3065015,1500139,1564876
1-Nov-93,51,2774779,1354389,1420390
1-Nov-93,52,2466982,1198719,1268263
1-Nov-93,53,2411741,1171129,1240612
1-Nov-93,54,2363539,1146134,1217405
1-Nov-93,55,2299219,1110355,1188864
1-Nov-93,56,2209502,1063134,1146368
1-Nov-93,57,2151893,1031612,1120281
1-Nov-93,58,2089056,1000282,1088774
1-Nov-93,59,2093372,1002361,1091011
1-Nov-93,60,1997520,944610,1052910
1-Nov-93,61,1985091,937452,1047639
1-Nov-93,62,2038310,957074,1081236
1-Nov-93,63,2108421,993021,1115400
1-Nov-93,64,2101685,979776,1121909
1-Nov-93,65,2094163,963468,1130695
1-Nov-93,66,2067673,942202,1125471
1-Nov-93,67,2002227,902199,1100028
1-Nov-93,68,1938605,865787,1072818
1-Nov-93,69,1937058,856152,1080906
1-Nov-93,70,1868038,818871,1049167
1-Nov-93,71,1822796,796244,1026552
1-Nov-93,72,1804924,786831,1018093
1-Nov-93,73,1656806,710404,946402
1-Nov-93,74,1546260,650277,895983
1-Nov-93,75,1467037,605848,861189
1-Nov-93,76,1367043,557631,809412
1-Nov-93,77,1293954,519466,774488
1-Nov-93,78,1245469,486831,758638
1-Nov-93,79,1158326,441754,716572
1-Nov-93,80,1055714,390018,665696
1-Nov-93,81,948040,342723,605317
1-Nov-93,82,851845,300364,551481
1-Nov-93,83,774079,260722,513357
1-Nov-93,84,690365,227726,462639
1-Nov-93,85,598998,190754,408244
1-Nov-93,86,522605,160488,362117
1-Nov-93,87,446772,132120,314652
1-Nov-93,88,396528,112162,284366
1-Nov-93,89,342121,93417,248704
1-Nov-93,90,274136,71660,202476
1-Nov-93,91,217927,54778,163149
1-Nov-93,92,180322,43651,136671
1-Nov-93,93,148314,33878,114436
1-Nov-93,94,101183,21926,79257
1-Nov-93,95,74340,15251,59089
1-Nov-93,96,57339,11352,45987
1-Nov-93,97,43349,8271,35078
1-Nov-93,98,30950,5717,25233
1-Nov-93,99,20534,3788,16746
1-Nov-93,100+,41348,7718,33630
,,,,
1-Dec-93,All Age,259908741,126419735,133489006
1-Dec-93,0,3874516,1984999,1889517
1-Dec-93,1,3921624,2006986,1914638
1-Dec-93,2,3967929,2027783,1940146
1-Dec-93,3,4030977,2063270,1967707
1-Dec-93,4,3962309,2028166,1934143
1-Dec-93,5,3857063,1975008,1882055
1-Dec-93,6,3767537,1927605,1839932
1-Dec-93,7,3735107,1910906,1824201
1-Dec-93,8,3674239,1882140,1792099
1-Dec-93,9,3762716,1927345,1835371
1-Dec-93,10,3790476,1944347,1846129
1-Dec-93,11,3842129,1966632,1875497
1-Dec-93,12,3684242,1886190,1798052
1-Dec-93,13,3857466,1975377,1882089
1-Dec-93,14,3680989,1889484,1791505
1-Dec-93,15,3556470,1827404,1729066
1-Dec-93,16,3586527,1847914,1738613
1-Dec-93,17,3470664,1791630,1679034
1-Dec-93,18,3383438,1721890,1661548
1-Dec-93,19,3508865,1763291,1745574
1-Dec-93,20,3460892,1734449,1726443
1-Dec-93,21,3540225,1772610,1767615
1-Dec-93,22,3691939,1838820,1853119
1-Dec-93,23,3910889,1950976,1959913
1-Dec-93,24,3805174,1900621,1904553
1-Dec-93,25,3738945,1867028,1871917
1-Dec-93,26,3728759,1853129,1875630
1-Dec-93,27,3845169,1909323,1935846
1-Dec-93,28,3912605,1944753,1967852
1-Dec-93,29,4358751,2164690,2194061
1-Dec-93,30,4444769,2212137,2232632
1-Dec-93,31,4436338,2203814,2232524
1-Dec-93,32,4355792,2158900,2196892
1-Dec-93,33,4594025,2275953,2318072
1-Dec-93,34,4520664,2245747,2274917
1-Dec-93,35,4516840,2240797,2276043
1-Dec-93,36,4461345,2204788,2256557
1-Dec-93,37,4322357,2128921,2193436
1-Dec-93,38,4113030,2029150,2083880
1-Dec-93,39,4311202,2129027,2182175
1-Dec-93,40,4109352,2024574,2084778
1-Dec-93,41,4004357,1967670,2036687
1-Dec-93,42,3710088,1821940,1888148
1-Dec-93,43,3783150,1857676,1925474
1-Dec-93,44,3677943,1811459,1866484
1-Dec-93,45,3667824,1804146,1863678
1-Dec-93,46,3776531,1855243,1921288
1-Dec-93,47,3196780,1564818,1631962
1-Dec-93,48,2758911,1348587,1410324
1-Dec-93,49,2915888,1427012,1488876
1-Dec-93,50,3040704,1488023,1552681
1-Dec-93,51,2817073,1375598,1441475
1-Dec-93,52,2473272,1201496,1271776
1-Dec-93,53,2421835,1176181,1245654
1-Dec-93,54,2363489,1146115,1217374
1-Dec-93,55,2304111,1112820,1191291
1-Dec-93,56,2220601,1068662,1151939
1-Dec-93,57,2149983,1030795,1119188
1-Dec-93,58,2086386,998887,1087499
1-Dec-93,59,2108649,1009743,1098906
1-Dec-93,60,1991353,942150,1049203
1-Dec-93,61,1985184,937726,1047458
1-Dec-93,62,2029278,952852,1076426
1-Dec-93,63,2108216,992345,1115871
1-Dec-93,64,2102186,980991,1121195
1-Dec-93,65,2087420,960324,1127096
1-Dec-93,66,2073666,945751,1127915
1-Dec-93,67,2002522,902511,1100011
1-Dec-93,68,1934100,863933,1070167
1-Dec-93,69,1938863,857029,1081834
1-Dec-93,70,1870087,819915,1050172
1-Dec-93,71,1816968,793561,1023407
1-Dec-93,72,1807448,787761,1019687
1-Dec-93,73,1666662,715367,951295
1-Dec-93,74,1547975,651164,896811
1-Dec-93,75,1470654,607763,862891
1-Dec-93,76,1368477,558002,810475
1-Dec-93,77,1294832,520121,774711
1-Dec-93,78,1245560,487175,758385
1-Dec-93,79,1161191,443165,718026
1-Dec-93,80,1056228,390439,665789
1-Dec-93,81,952538,344221,608317
1-Dec-93,82,852559,301245,551314
1-Dec-93,83,775441,261002,514439
1-Dec-93,84,691504,228197,463307
1-Dec-93,85,599916,191133,408783
1-Dec-93,86,525260,161332,363928
1-Dec-93,87,447403,132418,314985
1-Dec-93,88,395650,111921,283729
1-Dec-93,89,344189,93957,250232
1-Dec-93,90,274948,71891,203057
1-Dec-93,91,219633,55127,164506
1-Dec-93,92,178682,43306,135376
1-Dec-93,93,150276,34321,115955
1-Dec-93,94,101787,22087,79700
1-Dec-93,95,74445,15250,59195
1-Dec-93,96,57307,11334,45973
1-Dec-93,97,43328,8260,35068
1-Dec-93,98,31091,5723,25368
1-Dec-93,99,20582,3798,16784
1-Dec-93,100+,41412,7722,33690
Intercensal Estimates of the United States Civilian Population by Age and Sex: 1994,,,,
,,,,
1-Jan-94,All Age,260167178,126555202,133611976
1-Jan-94,0,3866867,1980574,1886293
1-Jan-94,1,3918886,2005782,1913104
1-Jan-94,2,3972333,2030008,1942325
1-Jan-94,3,4031151,2063303,1967848
1-Jan-94,4,3979551,2036962,1942589
1-Jan-94,5,3857931,1975598,1882333
1-Jan-94,6,3775827,1931810,1844017
1-Jan-94,7,3736529,1911458,1825071
1-Jan-94,8,3686436,1888650,1797786
1-Jan-94,9,3765391,1928539,1836852
1-Jan-94,10,3789720,1944076,1845644
1-Jan-94,11,3843981,1967453,1876528
1-Jan-94,12,3674858,1881366,1793492
1-Jan-94,13,3880356,1987158,1893198
1-Jan-94,14,3687571,1892909,1794662
1-Jan-94,15,3569628,1834169,1735459
1-Jan-94,16,3585839,1847602,1738237
1-Jan-94,17,3482042,1797573,1684469
1-Jan-94,18,3388174,1725390,1662784
1-Jan-94,19,3517478,1768261,1749217
1-Jan-94,20,3445629,1727428,1718201
1-Jan-94,21,3537628,1772042,1765586
1-Jan-94,22,3645754,1815746,1830008
1-Jan-94,23,3934263,1962265,1971998
1-Jan-94,24,3815289,1905740,1909549
1-Jan-94,25,3756012,1875742,1880270
1-Jan-94,26,3720592,1849569,1871023
1-Jan-94,27,3840288,1906594,1933694
1-Jan-94,28,3900368,1939268,1961100
1-Jan-94,29,4348592,2159327,2189265
1-Jan-94,30,4437411,2208648,2228763
1-Jan-94,31,4443002,2207444,2235558
1-Jan-94,32,4327677,2144989,2182688
1-Jan-94,33,4621756,2290051,2331705
1-Jan-94,34,4517520,2244463,2273057
1-Jan-94,35,4521545,2243062,2278483
1-Jan-94,36,4465226,2206917,2258309
1-Jan-94,37,4329647,2132453,2197194
1-Jan-94,38,4126674,2036387,2090287
1-Jan-94,39,4312309,2129566,2182743
1-Jan-94,40,4125585,2032601,2092984
1-Jan-94,41,4024697,1977686,2047011
1-Jan-94,42,3702509,1818029,1884480
1-Jan-94,43,3810276,1871473,1938803
1-Jan-94,44,3668929,1806644,1862285
1-Jan-94,45,3677007,1808548,1868459
1-Jan-94,46,3729787,1831977,1897810
1-Jan-94,47,3307439,1619538,1687901
1-Jan-94,48,2754959,1346890,1408069
1-Jan-94,49,2920606,1428993,1491613
1-Jan-94,50,3016277,1475828,1540449
1-Jan-94,51,2855911,1395093,1460818
1-Jan-94,52,2479698,1204302,1275396
1-Jan-94,53,2432155,1181344,1250811
1-Jan-94,54,2363348,1146038,1217310
1-Jan-94,55,2309118,1115332,1193786
1-Jan-94,56,2231974,1074336,1157638
1-Jan-94,57,2147914,1029894,1118020
1-Jan-94,58,2083522,997389,1086133
1-Jan-94,59,2124284,1017294,1106990
1-Jan-94,60,1984889,939575,1045314
1-Jan-94,61,1985149,937934,1047215
1-Jan-94,62,2019828,948435,1071393
1-Jan-94,63,2107856,991577,1116279
1-Jan-94,64,2102544,982165,1120379
1-Jan-94,65,2080252,956972,1123280
1-Jan-94,66,2079625,949296,1130329
1-Jan-94,67,2002619,902745,1099874
1-Jan-94,68,1929214,861901,1067313
1-Jan-94,69,1940452,857817,1082635
1-Jan-94,70,1871899,820847,1051052
1-Jan-94,71,1810690,790690,1020000
1-Jan-94,72,1809670,788526,1021144
1-Jan-94,73,1676474,720312,956162
1-Jan-94,74,1549399,651907,897492
1-Jan-94,75,1474030,609578,864452
1-Jan-94,76,1369546,558206,811340
1-Jan-94,77,1295336,520603,774733
1-Jan-94,78,1245230,487348,757882
1-Jan-94,79,1163673,444403,719270
1-Jan-94,80,1056279,390671,665608
1-Jan-94,81,956666,345550,611116
1-Jan-94,82,852843,301956,550887
1-Jan-94,83,776348,261101,515247
1-Jan-94,84,692207,228494,463713
1-Jan-94,85,600401,191351,409050
1-Jan-94,86,527518,162035,365483
1-Jan-94,87,447617,132587,315030
1-Jan-94,88,394351,111543,282808
1-Jan-94,89,345885,94395,251490
1-Jan-94,90,275417,72020,203397
1-Jan-94,91,221003,55375,165628
1-Jan-94,92,176748,42887,133861
1-Jan-94,93,151945,34685,117260
1-Jan-94,94,102194,22217,79977
1-Jan-94,95,74363,15203,59160
1-Jan-94,96,57121,11285,45836
1-Jan-94,97,43182,8230,34952
1-Jan-94,98,31126,5713,25413
1-Jan-94,99,20546,3790,16756
1-Jan-94,100+,41317,7706,33611
,,,,
1-Feb-94,All Age,260372266,126662080,133710186
1-Feb-94,0,3864949,1979038,1885911
1-Feb-94,1,3908060,2000494,1907566
1-Feb-94,2,3971155,2029981,1941174
1-Feb-94,3,4035305,2064887,1970418
1-Feb-94,4,3995614,2045187,1950427
1-Feb-94,5,3864911,1979284,1885627
1-Feb-94,6,3780542,1934041,1846501
1-Feb-94,7,3740247,1913425,1826822
1-Feb-94,8,3684711,1887693,1797018
1-Feb-94,9,3779256,1935707,1843549
1-Feb-94,10,3784669,1941356,1843313
1-Feb-94,11,3832956,1962049,1870907
1-Feb-94,12,3713969,1901391,1812578
1-Feb-94,13,3854943,1974039,1880904
1-Feb-94,14,3700943,1899404,1801539
1-Feb-94,15,3587207,1843405,1743802
1-Feb-94,16,3587951,1848753,1739198
1-Feb-94,17,3495730,1804934,1690796
1-Feb-94,18,3390323,1726888,1663435
1-Feb-94,19,3518844,1769153,1749691
1-Feb-94,20,3441364,1724874,1716490
1-Feb-94,21,3516686,1760239,1756447
1-Feb-94,22,3636803,1812472,1824331
1-Feb-94,23,3921539,1955861,1965678
1-Feb-94,24,3827039,1911194,1915845
1-Feb-94,25,3773140,1884107,1889033
1-Feb-94,26,3712484,1845466,1867018
1-Feb-94,27,3849697,1911742,1937955
1-Feb-94,28,3874431,1925802,1948629
1-Feb-94,29,4337461,2154012,2183449
1-Feb-94,30,4434963,2208125,2226838
1-Feb-94,31,4419109,2194926,2224183
1-Feb-94,32,4380170,2172304,2207866
1-Feb-94,33,4573943,2265342,2308601
1-Feb-94,34,4531743,2252351,2279392
1-Feb-94,35,4533102,2249033,2284069
1-Feb-94,36,4463200,2205365,2257835
1-Feb-94,37,4352274,2145570,2206704
1-Feb-94,38,4121400,2031987,2089413
1-Feb-94,39,4311380,2129632,2181748
1-Feb-94,40,4146579,2043568,2103011
1-Feb-94,41,4013096,1971569,2041527
1-Feb-94,42,3767417,1851164,1916253
1-Feb-94,43,3759469,1844677,1914792
1-Feb-94,44,3688114,1816965,1871149
1-Feb-94,45,3682685,1811547,1871138
1-Feb-94,46,3683714,1808444,1875270
1-Feb-94,47,3436511,1684335,1752176
1-Feb-94,48,2725119,1331101,1394018
1-Feb-94,49,2926911,1432506,1494405
1-Feb-94,50,2998731,1466973,1531758
1-Feb-94,51,2876930,1405458,1471472
1-Feb-94,52,2511752,1220558,1291194
1-Feb-94,53,2432038,1180807,1251231
1-Feb-94,54,2365023,1147041,1217982
1-Feb-94,55,2314130,1117839,1196291
1-Feb-94,56,2241967,1079255,1162712
1-Feb-94,57,2151705,1031815,1119890
1-Feb-94,58,2076241,993756,1082485
1-Feb-94,59,2136915,1023452,1113463
1-Feb-94,60,1984713,939830,1044883
1-Feb-94,61,1980191,935887,1044304
1-Feb-94,62,2017417,947435,1069982
1-Feb-94,63,2099132,986514,1112618
1-Feb-94,64,2103211,983491,1119720
1-Feb-94,65,2077904,955905,1121999
1-Feb-94,66,2079787,950151,1129636
1-Feb-94,67,2004749,903641,1101108
1-Feb-94,68,1923162,859397,1063765
1-Feb-94,69,1941752,858535,1083217
1-Feb-94,70,1871638,820684,1050954
1-Feb-94,71,1804211,787605,1016606
1-Feb-94,72,1811116,788984,1022132
1-Feb-94,73,1683968,724137,959831
1-Feb-94,74,1551255,652834,898421
1-Feb-94,75,1476392,610966,865426
1-Feb-94,76,1369551,557821,811730
1-Feb-94,77,1297521,521755,775766
1-Feb-94,78,1242303,486437,755866
1-Feb-94,79,1164209,444889,719320
1-Feb-94,80,1056862,391059,665803
1-Feb-94,81,960330,346772,613558
1-Feb-94,82,851696,301978,549718
1-Feb-94,83,775814,260847,514967
1-Feb-94,84,693082,228870,464212
1-Feb-94,85,600846,191550,409296
1-Feb-94,86,528161,162238,365923
1-Feb-94,87,447623,132640,314983
1-Feb-94,88,392391,111025,281366
1-Feb-94,89,347094,94712,252382
1-Feb-94,90,275649,72092,203557
1-Feb-94,91,221740,55517,166223
1-Feb-94,92,175526,42629,132897
1-Feb-94,93,152215,34759,117456
1-Feb-94,94,103032,22443,80589
1-Feb-94,95,74248,15180,59068
1-Feb-94,96,56861,11219,45642
1-Feb-94,97,42978,8179,34799
1-Feb-94,98,31049,5693,25356
1-Feb-94,99,20520,3779,16741
1-Feb-94,100+,41107,7658,33449
,,,,
1-Mar-94,All Age,260607414,126784072,133823342
1-Mar-94,0,3861468,1976829,1884639
1-Mar-94,1,3897553,1995322,1902231
1-Mar-94,2,3977350,2033454,1943896
1-Mar-94,3,4036064,2065010,1971054
1-Mar-94,4,4008957,2052027,1956930
1-Mar-94,5,3863858,1978844,1885014
1-Mar-94,6,3795073,1941311,1853762
1-Mar-94,7,3745734,1916286,1829448
1-Mar-94,8,3682514,1886489,1796025
1-Mar-94,9,3780522,1936414,1844108
1-Mar-94,10,3790183,1944060,1846123
1-Mar-94,11,3822944,1957149,1865795
1-Mar-94,12,3751156,1920438,1830718
1-Mar-94,13,3821625,1956884,1864741
1-Mar-94,14,3726462,1912177,1814285
1-Mar-94,15,3601827,1851115,1750712
1-Mar-94,16,3587292,1848493,1738799
1-Mar-94,17,3505613,1810334,1695279
1-Mar-94,18,3400268,1732585,1667683
1-Mar-94,19,3521008,1770722,1750286
1-Mar-94,20,3441801,1724960,1716841
1-Mar-94,21,3485249,1743372,1741877
1-Mar-94,22,3641757,1816246,1825511
1-Mar-94,23,3902961,1946605,1956356
1-Mar-94,24,3841205,1917861,1923344
1-Mar-94,25,3777817,1886354,1891463
1-Mar-94,26,3718018,1848272,1869746
1-Mar-94,27,3854367,1914638,1939729
1-Mar-94,28,3854001,1915184,1938817
1-Mar-94,29,4313917,2142516,2171401
1-Mar-94,30,4448696,2215690,2233006
1-Mar-94,31,4394410,2182121,2212289
1-Mar-94,32,4428124,2197280,2230844
1-Mar-94,33,4519575,2237435,2282140
1-Mar-94,34,4557119,2265829,2291290
1-Mar-94,35,4542003,2253611,2288392
1-Mar-94,36,4466222,2206492,2259730
1-Mar-94,37,4359001,2150804,2208197
1-Mar-94,38,4125605,2032474,2093131
1-Mar-94,39,4318146,2133478,2184668
1-Mar-94,40,4163761,2052696,2111065
1-Mar-94,41,3987422,1958661,2028761
1-Mar-94,42,3839634,1887768,1951866
1-Mar-94,43,3716479,1822014,1894465
1-Mar-94,44,3707255,1827201,1880054
1-Mar-94,45,3671528,1806245,1865283
1-Mar-94,46,3667007,1799371,1867636
1-Mar-94,47,3542511,1737705,1804806
1-Mar-94,48,2702176,1318798,1383378
1-Mar-94,49,2923073,1431008,1492065
1-Mar-94,50,2993387,1464145,1529242
1-Mar-94,51,2890768,1412308,1478460
1-Mar-94,52,2546784,1238222,1308562
1-Mar-94,53,2425559,1177241,1248318
1-Mar-94,54,2373521,1151369,1222152
1-Mar-94,55,2318883,1120223,1198660
1-Mar-94,56,2251245,1083827,1167418
1-Mar-94,57,2149541,1030897,1118644
1-Mar-94,58,2075608,993335,1082273
1-Mar-94,59,2148598,1029162,1119436
1-Mar-94,60,1984890,940244,1044646
1-Mar-94,61,1970526,931622,1038904
1-Mar-94,62,2021184,949352,1071832
1-Mar-94,63,2091672,982170,1109502
1-Mar-94,64,2104271,984926,1119345
1-Mar-94,65,2070517,952558,1117959
1-Mar-94,66,2086174,953818,1132356
1-Mar-94,67,2007205,904730,1102475
1-Mar-94,68,1918274,857437,1060837
1-Mar-94,69,1938334,857198,1081136
1-Mar-94,70,1877300,823159,1054141
1-Mar-94,71,1799077,785181,1013896
1-Mar-94,72,1813132,789746,1023386
1-Mar-94,73,1687031,726064,960967
1-Mar-94,74,1558056,655871,902185
1-Mar-94,75,1479281,612568,866713
1-Mar-94,76,1370330,557827,812503
1-Mar-94,77,1296832,521764,775068
1-Mar-94,78,1243990,487365,756625
1-Mar-94,79,1165515,445669,719846
1-Mar-94,80,1058198,391724,666474
1-Mar-94,81,961962,347296,614666
1-Mar-94,82,853905,303166,550739
1-Mar-94,83,776110,260889,515221
1-Mar-94,84,694610,229453,465157
1-Mar-94,85,600391,191461,408930
1-Mar-94,86,530938,163094,367844
1-Mar-94,87,448236,132858,315378
1-Mar-94,88,391243,110720,280523
1-Mar-94,89,347865,94903,252962
1-Mar-94,90,277155,72489,204666
1-Mar-94,91,222778,55722,167056
1-Mar-94,92,174791,42467,132324
1-Mar-94,93,152758,34881,117877
1-Mar-94,94,103970,22674,81296
1-Mar-94,95,74314,15185,59129
1-Mar-94,96,56766,11184,45582
1-Mar-94,97,42825,8142,34683
1-Mar-94,98,31154,5699,25455
1-Mar-94,99,20556,3781,16775
1-Mar-94,100+,41093,7654,33439
,,,,
1-Apr-94,All Age,260894994,126932301,133962693
1-Apr-94,0,3858262,1975203,1883059
1-Apr-94,1,3900186,1996740,1903446
1-Apr-94,2,3973204,2031092,1942112
1-Apr-94,3,4034620,2064575,1970045
1-Apr-94,4,4020946,2058189,1962757
1-Apr-94,5,3878296,1986357,1891939
1-Apr-94,6,3799198,1943251,1855947
1-Apr-94,7,3756011,1921622,1834389
1-Apr-94,8,3680540,1885397,1795143
1-Apr-94,9,3789299,1940995,1848304
1-Apr-94,10,3783878,1940704,1843174
1-Apr-94,11,3817232,1954465,1862767
1-Apr-94,12,3792481,1941619,1850862
1-Apr-94,13,3797696,1944538,1853158
1-Apr-94,14,3741572,1919585,1821987
1-Apr-94,15,3617868,1859593,1758275
1-Apr-94,16,3586130,1847999,1738131
1-Apr-94,17,3529345,1822977,1706368
1-Apr-94,18,3403406,1735345,1668061
1-Apr-94,19,3526783,1774409,1752374
1-Apr-94,20,3436150,1722173,1713977
1-Apr-94,21,3471825,1735445,1736380
1-Apr-94,22,3634644,1814029,1820615
1-Apr-94,23,3880906,1935500,1945406
1-Apr-94,24,3855739,1924583,1931156
1-Apr-94,25,3793525,1893946,1899579
1-Apr-94,26,3711596,1845079,1866517
1-Apr-94,27,3858861,1917360,1941501
1-Apr-94,28,3833567,1904336,1929231
1-Apr-94,29,4308332,2140108,2168224
1-Apr-94,30,4446117,2215164,2230953
1-Apr-94,31,4364895,2166875,2198020
1-Apr-94,32,4481756,2225043,2256713
1-Apr-94,33,4474131,2213869,2260262
1-Apr-94,34,4567592,2271980,2295612
1-Apr-94,35,4560164,2262807,2297357
1-Apr-94,36,4465640,2205819,2259821
1-Apr-94,37,4378180,2162181,2215999
1-Apr-94,38,4123123,2029548,2093575
1-Apr-94,39,4330346,2139999,2190347
1-Apr-94,40,4184228,2063484,2120744
1-Apr-94,41,3962668,1946100,2016568
1-Apr-94,42,3902323,1919815,1982508
1-Apr-94,43,3678019,1801325,1876694
1-Apr-94,44,3722260,1835444,1886816
1-Apr-94,45,3673249,1807259,1865990
1-Apr-94,46,3641294,1785892,1855402
1-Apr-94,47,3651557,1792643,1858914
1-Apr-94,48,2683535,1308531,1375004
1-Apr-94,49,2931611,1435604,1496007
1-Apr-94,50,2974881,1454875,1520006
1-Apr-94,51,2903027,1418329,1484698
1-Apr-94,52,2581792,1255972,1325820
1-Apr-94,53,2425838,1176938,1248900
1-Apr-94,54,2375624,1152598,1223026
1-Apr-94,55,2324314,1122956,1201358
1-Apr-94,56,2261693,1088976,1172717
1-Apr-94,57,2153802,1033062,1120740
1-Apr-94,58,2068799,989959,1078840
1-Apr-94,59,2161676,1035555,1126121
1-Apr-94,60,1985312,940819,1044493
1-Apr-94,61,1966174,929887,1036287
1-Apr-94,62,2019378,948661,1070717
1-Apr-94,63,2083722,977521,1106201
1-Apr-94,64,2105704,986653,1119051
1-Apr-94,65,2068997,951933,1117064
1-Apr-94,66,2087202,955109,1132093
1-Apr-94,67,2010206,906077,1104129
1-Apr-94,68,1913178,855425,1057753
1-Apr-94,69,1940695,858438,1082257
1-Apr-94,70,1878041,823486,1054555
1-Apr-94,71,1793779,782700,1011079
1-Apr-94,72,1815702,790748,1024954
1-Apr-94,73,1695618,730411,965207
1-Apr-94,74,1561001,657302,903699
1-Apr-94,75,1482840,614507,868333
1-Apr-94,76,1371574,558027,813547
1-Apr-94,77,1300236,523434,776802
1-Apr-94,78,1242409,487044,755365
1-Apr-94,79,1167360,446688,720672
1-Apr-94,80,1060057,392620,667437
1-Apr-94,81,966810,348961,617849
1-Apr-94,82,854031,303650,550381
1-Apr-94,83,776762,261043,515719
1-Apr-94,84,696619,230196,466423
1-Apr-94,85,601925,191995,409930
1-Apr-94,86,532567,163587,368980
1-Apr-94,87,449164,133165,315999
1-Apr-94,88,390231,110444,279787
1-Apr-94,89,349862,95401,254461
1-Apr-94,90,278060,72718,205342
1-Apr-94,91,224048,55970,168078
1-Apr-94,92,174125,42307,131818
1-Apr-94,93,153460,35030,118430
1-Apr-94,94,105052,22926,82126
1-Apr-94,95,74432,15195,59237
1-Apr-94,96,56710,11150,45560
1-Apr-94,97,42804,8125,34679
1-Apr-94,98,31174,5692,25482
1-Apr-94,99,20609,3782,16827
1-Apr-94,100+,41132,7658,33474
,,,,
1-May-94,All Age,261151649,127066915,134084734
1-May-94,0,3849343,1970779,1878564
1-May-94,1,3893905,1993516,1900389
1-May-94,2,3971330,2030069,1941261
1-May-94,3,4034609,2064854,1969755
1-May-94,4,4038948,2067220,1971728
1-May-94,5,3888849,1991767,1897082
1-May-94,6,3800271,1943909,1856362
1-May-94,7,3760243,1923758,1836485
1-May-94,8,3683558,1886751,1796807
1-May-94,9,3806759,1950175,1856584
1-May-94,10,3776095,1936552,1839543
1-May-94,11,3820818,1956441,1864377
1-May-94,12,3802876,1946781,1856095
1-May-94,13,3786791,1938964,1847827
1-May-94,14,3768550,1933411,1835139
1-May-94,15,3634831,1868383,1766448
1-May-94,16,3578156,1843862,1734294
1-May-94,17,3549341,1833344,1715997
1-May-94,18,3401775,1735888,1665887
1-May-94,19,3533993,1778778,1755215
1-May-94,20,3435993,1722283,1713710
1-May-94,21,3465834,1732739,1733095
1-May-94,22,3608661,1801634,1807027
1-May-94,23,3878106,1933661,1944445
1-May-94,24,3867545,1930570,1936975
1-May-94,25,3804626,1899899,1904727
1-May-94,26,3717648,1848341,1869307
1-May-94,27,3843306,1910061,1933245
1-May-94,28,3829895,1902260,1927635
1-May-94,29,4294532,2133793,2160739
1-May-94,30,4437658,2210611,2227047
1-May-94,31,4361245,2165274,2195971
1-May-94,32,4483191,2225946,2257245
1-May-94,33,4467094,2210418,2256676
1-May-94,34,4581618,2279201,2302417
1-May-94,35,4562234,2263988,2298246
1-May-94,36,4463201,2204586,2258615
1-May-94,37,4402685,2174490,2228195
1-May-94,38,4122324,2028991,2093333
1-May-94,39,4341347,2145866,2195481
1-May-94,40,4204035,2073423,2130612
1-May-94,41,3956479,1943009,2013470
1-May-94,42,3906300,1921721,1984579
1-May-94,43,3699407,1811735,1887672
1-May-94,44,3726213,1837808,1888405
1-May-94,45,3661640,1801351,1860289
1-May-94,46,3628995,1779620,1849375
1-May-94,47,3723527,1827863,1895664
1-May-94,48,2686384,1310337,1376047
1-May-94,49,2939618,1439642,1499976
1-May-94,50,2952068,1443538,1508530
1-May-94,51,2926605,1429746,1496859
1-May-94,52,2584212,1257331,1326881
1-May-94,53,2437506,1182689,1254817
1-May-94,54,2385057,1157303,1227754
1-May-94,55,2323165,1122473,1200692
1-May-94,56,2267592,1091879,1175713
1-May-94,57,2158931,1035648,1123283
1-May-94,58,2069344,990372,1078972
1-May-94,59,2163127,1036028,1127099
1-May-94,60,1993730,945099,1048631
1-May-94,61,1965544,929970,1035574
1-May-94,62,2008034,943360,1064674
1-May-94,63,2081918,976954,1104964
1-May-94,64,2106971,986667,1120304
1-May-94,65,2065301,951093,1114208
1-May-94,66,2084374,953885,1130489
1-May-94,67,2013778,908717,1105061
1-May-94,68,1913229,855601,1057628
1-May-94,69,1938676,857555,1081121
1-May-94,70,1880130,824432,1055698
1-May-94,71,1793699,782924,1010775
1-May-94,72,1810728,788413,1022315
1-May-94,73,1703449,733858,969591
1-May-94,74,1567910,660781,907129
1-May-94,75,1484990,615643,869347
1-May-94,76,1375613,560093,815520
1-May-94,77,1300233,523369,776864
1-May-94,78,1242594,487401,755193
1-May-94,79,1169112,447587,721525
1-May-94,80,1062488,394010,668478
1-May-94,81,967993,349581,618412
1-May-94,82,858101,305197,552904
1-May-94,83,778762,262267,516495
1-May-94,84,697571,230321,467250
1-May-94,85,603233,192573,410660
1-May-94,86,533671,164056,369615
1-May-94,87,451661,134023,317638
1-May-94,88,391138,110788,280350
1-May-94,89,349729,95402,254327
1-May-94,90,279808,73199,206609
1-May-94,91,225170,56249,168921
1-May-94,92,174651,42445,132206
1-May-94,93,153194,35006,118188
1-May-94,94,106791,23334,83457
1-May-94,95,74734,15281,59453
1-May-94,96,56798,11147,45651
1-May-94,97,42841,8122,34719
1-May-94,98,31272,5706,25566
1-May-94,99,20763,3803,16960
1-May-94,100+,41278,7673,33605
,,,,
1-Jun-94,All Age,261434404,127214183,134220221
1-Jun-94,0,3843559,1967724,1875835
1-Jun-94,1,3886055,1990194,1895861
1-Jun-94,2,3963008,2026139,1936869
1-Jun-94,3,4034489,2064657,1969832
1-Jun-94,4,4057333,2076472,1980861
1-Jun-94,5,3900234,1997604,1902630
1-Jun-94,6,3806198,1947066,1859132
1-Jun-94,7,3764678,1925989,1838689
1-Jun-94,8,3682863,1886207,1796656
1-Jun-94,9,3826680,1960621,1866059
1-Jun-94,10,3772937,1934765,1838172
1-Jun-94,11,3818938,1955622,1863316
1-Jun-94,12,3817800,1954269,1863531
1-Jun-94,13,3779912,1935455,1844457
1-Jun-94,14,3786432,1942594,1843838
1-Jun-94,15,3651713,1877137,1774576
1-Jun-94,16,3574671,1842053,1732618
1-Jun-94,17,3574290,1846262,1728028
1-Jun-94,18,3398199,1735462,1662737
1-Jun-94,19,3541515,1783471,1758044
1-Jun-94,20,3440334,1724732,1715602
1-Jun-94,21,3450989,1725650,1725339
1-Jun-94,22,3598799,1796669,1802130
1-Jun-94,23,3861514,1924703,1936811
1-Jun-94,24,3884921,1939156,1945765
1-Jun-94,25,3807347,1901711,1905636
1-Jun-94,26,3718950,1849133,1869817
1-Jun-94,27,3843509,1910837,1932672
1-Jun-94,28,3818621,1896318,1922303
1-Jun-94,29,4281060,2127610,2153450
1-Jun-94,30,4432091,2207493,2224598
1-Jun-94,31,4362237,2166014,2196223
1-Jun-94,32,4485451,2227296,2258155
1-Jun-94,33,4461610,2207676,2253934
1-Jun-94,34,4595442,2286395,2309047
1-Jun-94,35,4553982,2260026,2293956
1-Jun-94,36,4463986,2204961,2259025
1-Jun-94,37,4434861,2190613,2244248
1-Jun-94,38,4111452,2023522,2087930
1-Jun-94,39,4356022,2153473,2202549
1-Jun-94,40,4216775,2079920,2136855
1-Jun-94,41,3963023,1946177,2016846
1-Jun-94,42,3901879,1919480,1982399
1-Jun-94,43,3719896,1821711,1898185
1-Jun-94,44,3737610,1843844,1893766
1-Jun-94,45,3666981,1803745,1863236
1-Jun-94,46,3600353,1765316,1835037
1-Jun-94,47,3793991,1862337,1931654
1-Jun-94,48,2694969,1314963,1380006
1-Jun-94,49,2945739,1442758,1502981
1-Jun-94,50,2937700,1436337,1501363
1-Jun-94,51,2947173,1439668,1507505
1-Jun-94,52,2583752,1257338,1326414
1-Jun-94,53,2449730,1188735,1260995
1-Jun-94,54,2394874,1162188,1232686
1-Jun-94,55,2322089,1122037,1200052
1-Jun-94,56,2273814,1094940,1178874
1-Jun-94,57,2164351,1038377,1125974
1-Jun-94,58,2070022,990867,1079155
1-Jun-94,59,2164748,1036596,1128152
1-Jun-94,60,2002563,949583,1052980
1-Jun-94,61,1965038,930139,1034899
1-Jun-94,62,1996459,937939,1058520
1-Jun-94,63,2080251,976473,1103778
1-Jun-94,64,2108448,986773,1121675
1-Jun-94,65,2061638,950298,1111340
1-Jun-94,66,2081651,952730,1128921
1-Jun-94,67,2017649,911517,1106132
1-Jun-94,68,1913450,855871,1057579
1-Jun-94,69,1936763,856733,1080030
1-Jun-94,70,1882433,825474,1056959
1-Jun-94,71,1793830,783274,1010556
1-Jun-94,72,1805774,786097,1019677
1-Jun-94,73,1711692,737487,974205
1-Jun-94,74,1575156,664421,910735
1-Jun-94,75,1487419,616919,870500
1-Jun-94,76,1379942,562295,817647
1-Jun-94,77,1300414,523376,777038
1-Jun-94,78,1242989,487862,755127
1-Jun-94,79,1171101,448577,722524
1-Jun-94,80,1065146,395495,669651
1-Jun-94,81,969382,350274,619108
1-Jun-94,82,862430,306828,555602
1-Jun-94,83,780956,263560,517396
1-Jun-94,84,698700,230491,468209
1-Jun-94,85,604696,193189,411507
1-Jun-94,86,534911,164563,370348
1-Jun-94,87,454309,134913,319396
1-Jun-94,88,392154,111148,281006
1-Jun-94,89,349672,95411,254261
1-Jun-94,90,281648,73698,207950
1-Jun-94,91,226351,56530,169821
1-Jun-94,92,175208,42575,132633
1-Jun-94,93,152958,34977,117981
1-Jun-94,94,108546,23741,84805
1-Jun-94,95,75037,15361,59676
1-Jun-94,96,56886,11138,45748
1-Jun-94,97,42880,8124,34756
1-Jun-94,98,31371,5720,25651
1-Jun-94,99,20904,3819,17085
1-Jun-94,100+,41448,7705,33743
,,,,
1-Jul-94,All Age,261713525,127354050,134359475
1-Jul-94,0,3837113,1964865,1872248
1-Jul-94,1,3882132,1988155,1893977
1-Jul-94,2,3968620,2028907,1939713
1-Jul-94,3,4022773,2058090,1964683
1-Jul-94,4,4066224,2081744,1984480
1-Jul-94,5,3911606,2003421,1908185
1-Jul-94,6,3813700,1951022,1862678
1-Jul-94,7,3778668,1933116,1845552
1-Jul-94,8,3682989,1886083,1796906
1-Jul-94,9,3837716,1966506,1871210
1-Jul-94,10,3768473,1932300,1836173
1-Jul-94,11,3816106,1954319,1861787
1-Jul-94,12,3832675,1961708,1870967
1-Jul-94,13,3775338,1933118,1842220
1-Jul-94,14,3808694,1954006,1854688
1-Jul-94,15,3663343,1883217,1780126
1-Jul-94,16,3572649,1840979,1731670
1-Jul-94,17,3590920,1854521,1736399
1-Jul-94,18,3399692,1735045,1664647
1-Jul-94,19,3549371,1787816,1761555
1-Jul-94,20,3438171,1723789,1714382
1-Jul-94,21,3447278,1724187,1723091
1-Jul-94,22,3579032,1787418,1791614
1-Jul-94,23,3839488,1912943,1926545
1-Jul-94,24,3905008,1949078,1955930
1-Jul-94,25,3813142,1904754,1908388
1-Jul-94,26,3719153,1849336,1869817
1-Jul-94,27,3843229,1911055,1932174
1-Jul-94,28,3805175,1889302,1915873
1-Jul-94,29,4262459,2118826,2143633
1-Jul-94,30,4434222,2207945,2226277
1-Jul-94,31,4368140,2169042,2199098
1-Jul-94,32,4480449,2224957,2255492
1-Jul-94,33,4456043,2204874,2251169
1-Jul-94,34,4602946,2290346,2312600
1-Jul-94,35,4555909,2260923,2294986
1-Jul-94,36,4456541,2201194,2255347
1-Jul-94,37,4450640,2198563,2252077
1-Jul-94,38,4120491,2027790,2092701
1-Jul-94,39,4360585,2156093,2204492
1-Jul-94,40,4223599,2083466,2140133
1-Jul-94,41,3972754,1950863,2021891
1-Jul-94,42,3915401,1926093,1989308
1-Jul-94,43,3715068,1819176,1895892
1-Jul-94,44,3764955,1857844,1907111
1-Jul-94,45,3681338,1810548,1870790
1-Jul-94,46,3568500,1749464,1819036
1-Jul-94,47,3854154,1891731,1962423
1-Jul-94,48,2709954,1322755,1387199
1-Jul-94,49,2945806,1442967,1502839
1-Jul-94,50,2928854,1431817,1497037
1-Jul-94,51,2967121,1449297,1517824
1-Jul-94,52,2594354,1262753,1331601
1-Jul-94,53,2461619,1194621,1266998
1-Jul-94,54,2404471,1166973,1237498
1-Jul-94,55,2321143,1121657,1199486
1-Jul-94,56,2279928,1097959,1181969
1-Jul-94,57,2169658,1041055,1128603
1-Jul-94,58,2070795,991408,1079387
1-Jul-94,59,2166424,1037202,1129222
1-Jul-94,60,2011183,953957,1057226
1-Jul-94,61,1964644,930349,1034295
1-Jul-94,62,1985395,932769,1052626
1-Jul-94,63,2078738,976057,1102681
1-Jul-94,64,2109963,986919,1123044
1-Jul-94,65,2058214,949584,1108630
1-Jul-94,66,2079157,951681,1127476
1-Jul-94,67,2021510,914280,1107230
1-Jul-94,68,1913794,856199,1057595
1-Jul-94,69,1935051,856006,1079045
1-Jul-94,70,1884782,826536,1058246
1-Jul-94,71,1794102,783672,1010430
1-Jul-94,72,1801138,783923,1017215
1-Jul-94,73,1719772,741034,978738
1-Jul-94,74,1582271,667973,914298
1-Jul-94,75,1489914,618215,871699
1-Jul-94,76,1384232,564456,819776
1-Jul-94,77,1300723,523430,777293
1-Jul-94,78,1243529,488370,755159
1-Jul-94,79,1173164,449584,723580
1-Jul-94,80,1067825,396951,670874
1-Jul-94,81,970846,350970,619876
1-Jul-94,82,866708,308432,558276
1-Jul-94,83,783169,264820,518349
1-Jul-94,84,699870,230657,469213
1-Jul-94,85,606196,193804,412392
1-Jul-94,86,536180,165062,371118
1-Jul-94,87,456904,135766,321138
1-Jul-94,88,393176,111496,281680
1-Jul-94,89,349679,95422,254257
1-Jul-94,90,283446,74178,209268
1-Jul-94,91,227485,56786,170699
1-Jul-94,92,175750,42686,133064
1-Jul-94,93,152730,34933,117797
1-Jul-94,94,110197,24115,86082
1-Jul-94,95,75310,15423,59887
1-Jul-94,96,56973,11131,45842
1-Jul-94,97,42910,8123,34787
1-Jul-94,98,31447,5724,25723
1-Jul-94,99,21022,3835,17187
1-Jul-94,100+,41627,7740,33887
,,,,
1-Aug-94,All Age,262009486,127507139,134502347
1-Aug-94,0,3831320,1961936,1869384
1-Aug-94,1,3875864,1985255,1890609
1-Aug-94,2,3965333,2027666,1937667
1-Aug-94,3,4018880,2055457,1963423
1-Aug-94,4,4080189,2089122,1991067
1-Aug-94,5,3922087,2008785,1913302
1-Aug-94,6,3821826,1955312,1866514
1-Aug-94,7,3781859,1934704,1847155
1-Aug-94,8,3684349,1886583,1797766
1-Aug-94,9,3847507,1971775,1875732
1-Aug-94,10,3775828,1935862,1839966
1-Aug-94,11,3806377,1949471,1856906
1-Aug-94,12,3840518,1965593,1874925
1-Aug-94,13,3768206,1929420,1838786
1-Aug-94,14,3831434,1965695,1865739
1-Aug-94,15,3679818,1891753,1788065
1-Aug-94,16,3576583,1842971,1733612
1-Aug-94,17,3604616,1861255,1743361
1-Aug-94,18,3395702,1731324,1664378
1-Aug-94,19,3551625,1789247,1762378
1-Aug-94,20,3444852,1727637,1717215
1-Aug-94,21,3447181,1725042,1722139
1-Aug-94,22,3560711,1779779,1780932
1-Aug-94,23,3810905,1898580,1912325
1-Aug-94,24,3925873,1959307,1966566
1-Aug-94,25,3824475,1910546,1913929
1-Aug-94,26,3721630,1850833,1870797
1-Aug-94,27,3844042,1911895,1932147
1-Aug-94,28,3785381,1879236,1906145
1-Aug-94,29,4243591,2110082,2133509
1-Aug-94,30,4433533,2207235,2226298
1-Aug-94,31,4366929,2168473,2198456
1-Aug-94,32,4480486,2225278,2255208
1-Aug-94,33,4437878,2195931,2241947
1-Aug-94,34,4623322,2300783,2322539
1-Aug-94,35,4566307,2266173,2300134
1-Aug-94,36,4438883,2192435,2246448
1-Aug-94,37,4463659,2205342,2258317
1-Aug-94,38,4135682,2035495,2100187
1-Aug-94,39,4363220,2157899,2205321
1-Aug-94,40,4230300,2087242,2143058
1-Aug-94,41,3980030,1954356,2025674
1-Aug-94,42,3942909,1939926,2002983
1-Aug-94,43,3708914,1816016,1892898
1-Aug-94,44,3782023,1866945,1915078
1-Aug-94,45,3687145,1813147,1873998
1-Aug-94,46,3560224,1745200,1815024
1-Aug-94,47,3887773,1908174,1979599
1-Aug-94,48,2750319,1343049,1407270
1-Aug-94,49,2939002,1439901,1499101
1-Aug-94,50,2924993,1429782,1495211
1-Aug-94,51,2983756,1457280,1526476
1-Aug-94,52,2626963,1279271,1347692
1-Aug-94,53,2462834,1194818,1268016
1-Aug-94,54,2418399,1174114,1244285
1-Aug-94,55,2319820,1121055,1198765
1-Aug-94,56,2284882,1100431,1184451
1-Aug-94,57,2179463,1045917,1133546
1-Aug-94,58,2069143,990721,1078422
1-Aug-94,59,2165201,1036486,1128715
1-Aug-94,60,2025955,961218,1064737
1-Aug-94,61,1958079,927631,1030448
1-Aug-94,62,1984115,932405,1051710
1-Aug-94,63,2068799,971427,1097372
1-Aug-94,64,2112779,987653,1125126
1-Aug-94,65,2057163,950057,1107106
1-Aug-94,66,2072801,948842,1123959
1-Aug-94,67,2028607,918429,1110178
1-Aug-94,68,1913351,856248,1057103
1-Aug-94,69,1931433,854552,1076881
1-Aug-94,70,1887984,827947,1060037
1-Aug-94,71,1795323,784526,1010797
1-Aug-94,72,1795348,781170,1014178
1-Aug-94,73,1725613,743716,981897
1-Aug-94,74,1591656,672463,919193
1-Aug-94,75,1492221,619552,872669
1-Aug-94,76,1388845,566814,822031
1-Aug-94,77,1301713,523698,778015
1-Aug-94,78,1244383,489110,755273
1-Aug-94,79,1174328,450363,723965
1-Aug-94,80,1071701,398796,672905
1-Aug-94,81,971689,351652,620037
1-Aug-94,82,871848,310259,561589
1-Aug-94,83,784577,266011,518566
1-Aug-94,84,701880,231084,470796
1-Aug-94,85,607820,194465,413355
1-Aug-94,86,537607,165673,371934
1-Aug-94,87,459577,136624,322953
1-Aug-94,88,394081,111863,282218
1-Aug-94,89,349419,95387,254032
1-Aug-94,90,285733,74809,210924
1-Aug-94,91,228521,57072,171449
1-Aug-94,92,177343,43045,134298
1-Aug-94,93,151588,34734,116854
1-Aug-94,94,112499,24641,87858
1-Aug-94,95,75719,15544,60175
1-Aug-94,96,57189,11148,46041
1-Aug-94,97,43003,8138,34865
1-Aug-94,98,31554,5741,25813
1-Aug-94,99,21224,3861,17363
1-Aug-94,100+,41864,7773,34091
,,,,
1-Sep-94,All Age,262311805,127663900,134647905
1-Sep-94,0,3832194,1962508,1869686
1-Sep-94,1,3877894,1985894,1892000
1-Sep-94,2,3948523,2019543,1928980
1-Sep-94,3,4014098,2052476,1961622
1-Sep-94,4,4089280,2093864,1995416
1-Sep-94,5,3934610,2015187,1919423
1-Sep-94,6,3842662,1966118,1876544
1-Sep-94,7,3780635,1934042,1846593
1-Sep-94,8,3682033,1885219,1796814
1-Sep-94,9,3850526,1973590,1876936
1-Sep-94,10,3786944,1941359,1845585
1-Sep-94,11,3802118,1947446,1854672
1-Sep-94,12,3845279,1967907,1877372
1-Sep-94,13,3763471,1926986,1836485
1-Sep-94,14,3848313,1974398,1873915
1-Sep-94,15,3694856,1899588,1795268
1-Sep-94,16,3580459,1844957,1735502
1-Sep-94,17,3622498,1870441,1752057
1-Sep-94,18,3396137,1729767,1666370
1-Sep-94,19,3546118,1786766,1759352
1-Sep-94,20,3452319,1731786,1720533
1-Sep-94,21,3442560,1723512,1719048
1-Sep-94,22,3545501,1773841,1771660
1-Sep-94,23,3789438,1887863,1901575
1-Sep-94,24,3945029,1968766,1976263
1-Sep-94,25,3835584,1916426,1919158
1-Sep-94,26,3723868,1852228,1871640
1-Sep-94,27,3837559,1909308,1928251
1-Sep-94,28,3772658,1872607,1900051
1-Sep-94,29,4232381,2105224,2127157
1-Sep-94,30,4421335,2200785,2220550
1-Sep-94,31,4356951,2163739,2193212
1-Sep-94,32,4485599,2228199,2257400
1-Sep-94,33,4412334,2183403,2228931
1-Sep-94,34,4657102,2317984,2339118
1-Sep-94,35,4575410,2270960,2304450
1-Sep-94,36,4427565,2186683,2240882
1-Sep-94,37,4464609,2206097,2258512
1-Sep-94,38,4150150,2042675,2107475
1-Sep-94,39,4375576,2164589,2210987
1-Sep-94,40,4239576,2092338,2147238
1-Sep-94,41,3984193,1956399,2027794
1-Sep-94,42,3969444,1953109,2016335
1-Sep-94,43,3698470,1810825,1887645
1-Sep-94,44,3804873,1878817,1926056
1-Sep-94,45,3684156,1811430,1872726
1-Sep-94,46,3563313,1746534,1816779
1-Sep-94,47,3896474,1912327,1984147
1-Sep-94,48,2814221,1374871,1439350
1-Sep-94,49,2935847,1438635,1497212
1-Sep-94,50,2917384,1425912,1491472
1-Sep-94,51,2992290,1461295,1530995
1-Sep-94,52,2670068,1300909,1369159
1-Sep-94,53,2464100,1195063,1269037
1-Sep-94,54,2432277,1181207,1251070
1-Sep-94,55,2318543,1120489,1198054
1-Sep-94,56,2289866,1102924,1186942
1-Sep-94,57,2189290,1050792,1138498
1-Sep-94,58,2067525,990053,1077472
1-Sep-94,59,2164028,1035809,1128219
1-Sep-94,60,2040733,968485,1072248
1-Sep-94,61,1951574,924959,1026615
1-Sep-94,62,1982876,932064,1050812
1-Sep-94,63,2058930,966849,1092081
1-Sep-94,64,2115646,988412,1127234
1-Sep-94,65,2056176,950562,1105614
1-Sep-94,66,2066516,946050,1120466
1-Sep-94,67,2035746,922596,1113150
1-Sep-94,68,1912991,856335,1056656
1-Sep-94,69,1927874,853127,1074747
1-Sep-94,70,1891220,829376,1061844
1-Sep-94,71,1796610,785414,1011196
1-Sep-94,72,1789653,778467,1011186
1-Sep-94,73,1731499,746415,985084
1-Sep-94,74,1601022,676938,924084
1-Sep-94,75,1494585,620913,873672
1-Sep-94,76,1393496,569182,824314
1-Sep-94,77,1302761,523980,778781
1-Sep-94,78,1245301,489874,755427
1-Sep-94,79,1175543,451155,724388
1-Sep-94,80,1075589,400628,674961
1-Sep-94,81,972558,352324,620234
1-Sep-94,82,876977,312065,564912
1-Sep-94,83,785990,267183,518807
1-Sep-94,84,703883,231500,472383
1-Sep-94,85,609446,195112,414334
1-Sep-94,86,539021,166273,372748
1-Sep-94,87,462187,137444,324743
1-Sep-94,88,394969,112210,282759
1-Sep-94,89,349149,95336,253813
1-Sep-94,90,287968,75411,212557
1-Sep-94,91,229505,57339,172166
1-Sep-94,92,178868,43374,135494
1-Sep-94,93,150447,34520,115927
1-Sep-94,94,114711,25145,89566
1-Sep-94,95,76086,15647,60439
1-Sep-94,96,57376,11167,46209
1-Sep-94,97,43080,8149,34931
1-Sep-94,98,31638,5751,25887
1-Sep-94,99,21400,3887,17513
1-Sep-94,100+,42091,7813,34278
,,,,
1-Oct-94,All Age,262612467,127822719,134789748
1-Oct-94,0,3822567,1957467,1865100
1-Oct-94,1,3878553,1986019,1892534
1-Oct-94,2,3940732,2016142,1924590
1-Oct-94,3,4012328,2051217,1961111
1-Oct-94,4,4093752,2095983,1997769
1-Oct-94,5,3945186,2020612,1924574
1-Oct-94,6,3853656,1971900,1881756
1-Oct-94,7,3781735,1934561,1847174
1-Oct-94,8,3685156,1886649,1798507
1-Oct-94,9,3857013,1977169,1879844
1-Oct-94,10,3798864,1947294,1851570
1-Oct-94,11,3790642,1941709,1848933
1-Oct-94,12,3857464,1974016,1883448
1-Oct-94,13,3751222,1920689,1830533
1-Oct-94,14,3874269,1987748,1886521
1-Oct-94,15,3707431,1906140,1801291
1-Oct-94,16,3582021,1845753,1736268
1-Oct-94,17,3633412,1876337,1757075
1-Oct-94,18,3406920,1734885,1672035
1-Oct-94,19,3537205,1782718,1754487
1-Oct-94,20,3468716,1740634,1728082
1-Oct-94,21,3432746,1719509,1713237
1-Oct-94,22,3525303,1765066,1760237
1-Oct-94,23,3765435,1876064,1889371
1-Oct-94,24,3974218,1983308,1990910
1-Oct-94,25,3843951,1920788,1923163
1-Oct-94,26,3725058,1853083,1871975
1-Oct-94,27,3828300,1905288,1923012
1-Oct-94,28,3761111,1866690,1894421
1-Oct-94,29,4217196,2098353,2118843
1-Oct-94,30,4412326,2196009,2216317
1-Oct-94,31,4355172,2163029,2192143
1-Oct-94,32,4488013,2229670,2258343
1-Oct-94,33,4384023,2169570,2214453
1-Oct-94,34,4689078,2334296,2354782
1-Oct-94,35,4570507,2268859,2301648
1-Oct-94,36,4431890,2188713,2243177
1-Oct-94,37,4469971,2209149,2260822
1-Oct-94,38,4162013,2048786,2113227
1-Oct-94,39,4387656,2171235,2216421
1-Oct-94,40,4253308,2099602,2153706
1-Oct-94,41,3986757,1957714,2029043
1-Oct-94,42,3994694,1965796,2028898
1-Oct-94,43,3692899,1807997,1884902
1-Oct-94,44,3827817,1890775,1937042
1-Oct-94,45,3679463,1808872,1870591
1-Oct-94,46,3567694,1748594,1819100
1-Oct-94,47,3882998,1905532,1977466
1-Oct-94,48,2897346,1416174,1481172
1-Oct-94,49,2941761,1441769,1499992
1-Oct-94,50,2904095,1419293,1484802
1-Oct-94,51,2983332,1456770,1526562
1-Oct-94,52,2727709,1329686,1398023
1-Oct-94,53,2465405,1195349,1270056
1-Oct-94,54,2445798,1188137,1257661
1-Oct-94,55,2317396,1119984,1197412
1-Oct-94,56,2294764,1105384,1189380
1-Oct-94,57,2198824,1055541,1143283
1-Oct-94,58,2066015,989443,1076572
1-Oct-94,59,2162946,1035180,1127766
1-Oct-94,60,2055095,975552,1079543
1-Oct-94,61,1945376,922422,1022954
1-Oct-94,62,1981723,931762,1049961
1-Oct-94,63,2049484,962484,1087000
1-Oct-94,64,2118464,989176,1129288
1-Oct-94,65,2055269,951078,1104191
1-Oct-94,66,2060486,943383,1117103
1-Oct-94,67,2042697,926651,1116046
1-Oct-94,68,1912709,856455,1056254
1-Oct-94,69,1924474,851782,1072692
1-Oct-94,70,1894360,830756,1063604
1-Oct-94,71,1797900,786307,1011593
1-Oct-94,72,1784199,775892,1008307
1-Oct-94,73,1737184,749026,988158
1-Oct-94,74,1610079,681259,928820
1-Oct-94,75,1496909,622252,874657
1-Oct-94,76,1397987,571483,826504
1-Oct-94,77,1303789,524263,779526
1-Oct-94,78,1246203,490619,755584
1-Oct-94,79,1176731,451922,724809
1-Oct-94,80,1079301,402372,676929
1-Oct-94,81,973405,352974,620431
1-Oct-94,82,881900,313796,568104
1-Oct-94,83,787324,268273,519051
1-Oct-94,84,705755,231876,473879
1-Oct-94,85,610964,195719,415245
1-Oct-94,86,540343,166813,373530
1-Oct-94,87,464643,138210,326433
1-Oct-94,88,395769,112528,283241
1-Oct-94,89,348861,95267,253594
1-Oct-94,90,290033,75964,214069
1-Oct-94,91,230386,57569,172817
1-Oct-94,92,180255,43660,136595
1-Oct-94,93,149315,34302,115013
1-Oct-94,94,116747,25600,91147
1-Oct-94,95,76376,15729,60647
1-Oct-94,96,57506,11167,46339
1-Oct-94,97,43127,8157,34970
1-Oct-94,98,31688,5762,25926
1-Oct-94,99,21544,3905,17639
1-Oct-94,100+,42275,7853,34422
,,,,
1-Nov-94,All Age,262882255,127964976,134917279
1-Nov-94,0,3820651,1955837,1864814
1-Nov-94,1,3868558,1980697,1887861
1-Nov-94,2,3935905,2014777,1921128
1-Nov-94,3,4008422,2048044,1960378
1-Nov-94,4,4101893,2100330,2001563
1-Nov-94,5,3961213,2028813,1932400
1-Nov-94,6,3857295,1973930,1883365
1-Nov-94,7,3789676,1938572,1851104
1-Nov-94,8,3681592,1884622,1796970
1-Nov-94,9,3860112,1979041,1881071
1-Nov-94,10,3814906,1955313,1859593
1-Nov-94,11,3782408,1937661,1844747
1-Nov-94,12,3868230,1979432,1888798
1-Nov-94,13,3737644,1913714,1823930
1-Nov-94,14,3892585,1997187,1895398
1-Nov-94,15,3722728,1914069,1808659
1-Nov-94,16,3584826,1847169,1737657
1-Nov-94,17,3642571,1881432,1761139
1-Nov-94,18,3419213,1741026,1678187
1-Nov-94,19,3524777,1776617,1748160
1-Nov-94,20,3486223,1749854,1736369
1-Nov-94,21,3424228,1715861,1708367
1-Nov-94,22,3504110,1755139,1748971
1-Nov-94,23,3742441,1864739,1877702
1-Nov-94,24,3994147,1992955,2001192
1-Nov-94,25,3852818,1925177,1927641
1-Nov-94,26,3729104,1855343,1873761
1-Nov-94,27,3821106,1902276,1918830
1-Nov-94,28,3755907,1864122,1891785
1-Nov-94,29,4195961,2088424,2107537
1-Nov-94,30,4404872,2192253,2212619
1-Nov-94,31,4350292,2160822,2189470
1-Nov-94,32,4492957,2232564,2260393
1-Nov-94,33,4366610,2161166,2205444
1-Nov-94,34,4711320,2345795,2365525
1-Nov-94,35,4562175,2265232,2296943
1-Nov-94,36,4431486,2188472,2243014
1-Nov-94,37,4480129,2214679,2265450
1-Nov-94,38,4176739,2056213,2120526
1-Nov-94,39,4397857,2176966,2220891
1-Nov-94,40,4274086,2110359,2163727
1-Nov-94,41,3982627,1955767,2026860
1-Nov-94,42,4012162,1974596,2037566
1-Nov-94,43,3691440,1807158,1884282
1-Nov-94,44,3847294,1900992,1946302
1-Nov-94,45,3678881,1808413,1870468
1-Nov-94,46,3568912,1749080,1819832
1-Nov-94,47,3855108,1891638,1963470
1-Nov-94,48,2997769,1466015,1531754
1-Nov-94,49,2943155,1442645,1500510
1-Nov-94,50,2896514,1415466,1481048
1-Nov-94,51,2959488,1444875,1514613
1-Nov-94,52,2782165,1356896,1425269
1-Nov-94,53,2471452,1197966,1273486
1-Nov-94,54,2456475,1193534,1262941
1-Nov-94,55,2317638,1120138,1197500
1-Nov-94,56,2299094,1107592,1191502
1-Nov-94,57,2210212,1061173,1149039
1-Nov-94,58,2065335,989226,1076109
1-Nov-94,59,2159106,1033187,1125919
1-Nov-94,60,2071534,983532,1088002
1-Nov-94,61,1938913,919741,1019172
1-Nov-94,62,1982032,932197,1049835
1-Nov-94,63,2040026,957983,1082043
1-Nov-94,64,2117938,988403,1129535
1-Nov-94,65,2056022,952434,1103588
1-Nov-94,66,2053935,940356,1113579
1-Nov-94,67,2049259,930499,1118760
1-Nov-94,68,1913124,856867,1056257
1-Nov-94,69,1919605,849824,1069781
1-Nov-94,70,1896623,831732,1064891
1-Nov-94,71,1799741,787345,1012396
1-Nov-94,72,1778409,773196,1005213
1-Nov-94,73,1740566,750450,990116
1-Nov-94,74,1620274,686321,933953
1-Nov-94,75,1498692,623158,875534
1-Nov-94,76,1401733,573440,828293
1-Nov-94,77,1305266,524709,780557
1-Nov-94,78,1246930,491241,755689
1-Nov-94,79,1176989,452334,724655
1-Nov-94,80,1082975,404131,678844
1-Nov-94,81,973868,353421,620447
1-Nov-94,82,886637,315435,571202
1-Nov-94,83,787991,269110,518881
1-Nov-94,84,707294,232254,475040
1-Nov-94,85,612539,196337,416202
1-Nov-94,86,541377,167254,374123
1-Nov-94,87,467314,139072,328242
1-Nov-94,88,396550,112880,283670
1-Nov-94,89,348234,95130,253104
1-Nov-94,90,291999,76483,215516
1-Nov-94,91,231232,57813,173419
1-Nov-94,92,181907,44018,137889
1-Nov-94,93,147991,34052,113939
1-Nov-94,94,118526,26000,92526
1-Nov-94,95,76915,15879,61036
1-Nov-94,96,57687,11190,46497
1-Nov-94,97,43164,8153,35011
1-Nov-94,98,31712,5761,25951
1-Nov-94,99,21693,3922,17771
1-Nov-94,100+,42439,7868,34571
,,,,
1-Dec-94,All Age,263134351,128096561,135037790
1-Dec-94,0,3823308,1956923,1866385
1-Dec-94,1,3863488,1977909,1885579
1-Dec-94,2,3934592,2014781,1919811
1-Dec-94,3,3999405,2043135,1956270
1-Dec-94,4,4108742,2103565,2005177
1-Dec-94,5,3975469,2036118,1939351
1-Dec-94,6,3864170,1977609,1886561
1-Dec-94,7,3803430,1945568,1857862
1-Dec-94,8,3673779,1880446,1793333
1-Dec-94,9,3866299,1982473,1883826
1-Dec-94,10,3820862,1958173,1862689
1-Dec-94,11,3777461,1935271,1842190
1-Dec-94,12,3878968,1984849,1894119
1-Dec-94,13,3728511,1909025,1819486
1-Dec-94,14,3903929,2003053,1900876
1-Dec-94,15,3736412,1921170,1815242
1-Dec-94,16,3590403,1850022,1740381
1-Dec-94,17,3649369,1885212,1764157
1-Dec-94,18,3436378,1750080,1686298
1-Dec-94,19,3516945,1772845,1744100
1-Dec-94,20,3494143,1754284,1739859
1-Dec-94,21,3412492,1710293,1702199
1-Dec-94,22,3493318,1750413,1742905
1-Dec-94,23,3712548,1849967,1862581
1-Dec-94,24,4013865,2002406,2011459
1-Dec-94,25,3859408,1928490,1930918
1-Dec-94,26,3739799,1860905,1878894
1-Dec-94,27,3810924,1897801,1913123
1-Dec-94,28,3753030,1862657,1890373
1-Dec-94,29,4180289,2081184,2099105
1-Dec-94,30,4400898,2190041,2210857
1-Dec-94,31,4341932,2156886,2185046
1-Dec-94,32,4495603,2234141,2261462
1-Dec-94,33,4347020,2151548,2195472
1-Dec-94,34,4733749,2357173,2376576
1-Dec-94,35,4558846,2263983,2294863
1-Dec-94,36,4431766,2188405,2243361
1-Dec-94,37,4487345,2218494,2268851
1-Dec-94,38,4182594,2059097,2123497
1-Dec-94,39,4405846,2181258,2224588
1-Dec-94,40,4291751,2119492,2172259
1-Dec-94,41,3985640,1957081,2028559
1-Dec-94,42,4032539,1984752,2047787
1-Dec-94,43,3685535,1804121,1881414
1-Dec-94,44,3866417,1910885,1955532
1-Dec-94,45,3675022,1806290,1868732
1-Dec-94,46,3572733,1750790,1821943
1-Dec-94,47,3814065,1871264,1942801
1-Dec-94,48,3103944,1518598,1585346
1-Dec-94,49,2937945,1440178,1497767
1-Dec-94,50,2900901,1417466,1483435
1-Dec-94,51,2935892,1433072,1502820
1-Dec-94,52,2824753,1378274,1446479
1-Dec-94,53,2477267,1200494,1276773
1-Dec-94,54,2466788,1198740,1268048
1-Dec-94,55,2317872,1120276,1197596
1-Dec-94,56,2303267,1109721,1193546
1-Dec-94,57,2221224,1066627,1154597
1-Dec-94,58,2064673,989019,1075654
1-Dec-94,59,2155393,1031260,1124133
1-Dec-94,60,2087430,991255,1096175
1-Dec-94,61,1932680,917162,1015518
1-Dec-94,62,1982319,932610,1049709
1-Dec-94,63,2030897,953642,1077255
1-Dec-94,64,2117429,987661,1129768
1-Dec-94,65,2056757,953751,1103006
1-Dec-94,66,2047630,937454,1110176
1-Dec-94,67,2055603,934220,1121383
1-Dec-94,68,1913523,857265,1056258
1-Dec-94,69,1914914,847936,1066978
1-Dec-94,70,1898785,832661,1066124
1-Dec-94,71,1801521,788362,1013159
1-Dec-94,72,1772811,770595,1002216
1-Dec-94,73,1743804,751822,991982
1-Dec-94,74,1630033,691161,938872
1-Dec-94,75,1500386,624022,876364
1-Dec-94,76,1405321,575320,830001
1-Dec-94,77,1306644,525111,781533
1-Dec-94,78,1247601,491832,755769
1-Dec-94,79,1177209,452714,724495
1-Dec-94,80,1086427,405786,680641
1-Dec-94,81,974250,353818,620432
1-Dec-94,82,891115,316968,574147
1-Dec-94,83,788562,269887,518675
1-Dec-94,84,708698,232582,476116
1-Dec-94,85,613968,196894,417074
1-Dec-94,86,542276,167636,374640
1-Dec-94,87,469773,139863,329910
1-Dec-94,88,397195,113175,284020
1-Dec-94,89,347566,94975,252591
1-Dec-94,90,293778,76948,216830
1-Dec-94,91,231948,58019,173929
1-Dec-94,92,183377,44325,139052
1-Dec-94,93,146662,33792,112870
1-Dec-94,94,120113,26355,93758
1-Dec-94,95,77359,16000,61359
1-Dec-94,96,57807,11200,46607
1-Dec-94,97,43156,8146,35010
1-Dec-94,98,31699,5753,25946
1-Dec-94,99,21801,3932,17869
1-Dec-94,100+,42568,7898,34670
Intercensal Estimates of the United States Civilian Population by Age and Sex: 1995,,,,
,,,,
1-Jan-95,All Age,263387261,128230618,135156643
1-Jan-95,0,3817688,1954063,1863625
1-Jan-95,1,3857400,1974287,1883113
1-Jan-95,2,3931677,2013450,1918227
1-Jan-95,3,4004029,2045464,1958565
1-Jan-95,4,4108865,2103564,2005301
1-Jan-95,5,3992464,2044808,1947656
1-Jan-95,6,3864687,1978038,1886649
1-Jan-95,7,3811680,1949746,1861934
1-Jan-95,8,3675943,1881372,1794571
1-Jan-95,9,3876761,1988093,1888668
1-Jan-95,10,3823633,1959368,1864265
1-Jan-95,11,3776564,1934939,1841625
1-Jan-95,12,3880656,1985620,1895036
1-Jan-95,13,3718313,1903759,1814554
1-Jan-95,14,3926522,2014664,1911858
1-Jan-95,15,3742515,1924366,1818149
1-Jan-95,16,3603092,1856511,1746581
1-Jan-95,17,3648128,1884758,1763370
1-Jan-95,18,3449354,1757235,1692119
1-Jan-95,19,3518093,1773533,1744560
1-Jan-95,20,3502373,1759133,1743240
1-Jan-95,21,3397820,1703652,1694168
1-Jan-95,22,3490990,1749998,1740992
1-Jan-95,23,3666617,1827222,1839395
1-Jan-95,24,4037113,2013660,2023453
1-Jan-95,25,3870566,1934259,1936307
1-Jan-95,26,3756251,1869386,1886865
1-Jan-95,27,3803057,1894477,1908580
1-Jan-95,28,3749718,1860879,1888839
1-Jan-95,29,4163864,2073589,2090275
1-Jan-95,30,4392828,2185987,2206841
1-Jan-95,31,4333800,2152979,2180821
1-Jan-95,32,4502195,2237753,2264442
1-Jan-95,33,4318329,2137433,2180896
1-Jan-95,34,4761057,2371094,2389963
1-Jan-95,35,4556829,2263434,2293395
1-Jan-95,36,4436097,2190432,2245665
1-Jan-95,37,4490470,2220349,2270121
1-Jan-95,38,4191422,2063551,2127871
1-Jan-95,39,4416800,2187151,2229649
1-Jan-95,40,4295035,2121419,2173616
1-Jan-95,41,4000369,1964259,2036110
1-Jan-95,42,4053643,1995234,2058409
1-Jan-95,43,3678097,1800335,1877762
1-Jan-95,44,3892839,1924364,1968475
1-Jan-95,45,3667612,1802460,1865152
1-Jan-95,46,3581513,1754932,1826581
1-Jan-95,47,3766939,1847875,1919064
1-Jan-95,48,3212678,1572406,1640272
1-Jan-95,49,2931879,1437353,1494526
1-Jan-95,50,2906915,1420202,1486713
1-Jan-95,51,2912239,1421258,1490981
1-Jan-95,52,2863935,1397974,1465961
1-Jan-95,53,2483225,1203072,1280153
1-Jan-95,54,2477392,1204072,1273320
1-Jan-95,55,2318041,1120379,1197662
1-Jan-95,56,2307547,1111899,1195648
1-Jan-95,57,2232535,1072229,1160306
1-Jan-95,58,2063926,988771,1075155
1-Jan-95,59,2151522,1029247,1122275
1-Jan-95,60,2103796,999204,1104592
1-Jan-95,61,1926191,914477,1011714
1-Jan-95,62,1982529,932992,1049537
1-Jan-95,63,2021451,949156,1072295
1-Jan-95,64,2116792,986840,1129952
1-Jan-95,65,2057426,955071,1102355
1-Jan-95,66,2041019,934413,1106606
1-Jan-95,67,2062020,937997,1124023
1-Jan-95,68,1913822,857612,1056210
1-Jan-95,69,1909943,845931,1064012
1-Jan-95,70,1900833,833532,1067301
1-Jan-95,71,1803233,789342,1013891
1-Jan-95,72,1766889,767845,999044
1-Jan-95,73,1746965,753143,993822
1-Jan-95,74,1639870,696036,943834
1-Jan-95,75,1501950,624828,877122
1-Jan-95,76,1408787,577155,831632
1-Jan-95,77,1307852,525423,782429
1-Jan-95,78,1248053,492337,755716
1-Jan-95,79,1177189,452993,724196
1-Jan-95,80,1089707,407362,682345
1-Jan-95,81,974396,354105,620291
1-Jan-95,82,895429,318416,577013
1-Jan-95,83,788885,270566,518319
1-Jan-95,84,709862,232811,477051
1-Jan-95,85,615178,197365,417813
1-Jan-95,86,542959,167939,375020
1-Jan-95,87,472005,140574,331431
1-Jan-95,88,397615,113396,284219
1-Jan-95,89,346651,94737,251914
1-Jan-95,90,295345,77342,218003
1-Jan-95,91,232464,58161,174303
1-Jan-95,92,184670,44576,140094
1-Jan-95,93,145166,33488,111678
1-Jan-95,94,121544,26669,94875
1-Jan-95,95,77680,16092,61588
1-Jan-95,96,57819,11181,46638
1-Jan-95,97,43070,8131,34939
1-Jan-95,98,31627,5737,25890
1-Jan-95,99,21850,3939,17911
1-Jan-95,100+,42588,7908,34680
,,,,
1-Feb-95,All Age,263614054,128347940,135266114
1-Feb-95,0,3813681,1952293,1861388
1-Feb-95,1,3855547,1972718,1882829
1-Feb-95,2,3921082,2008283,1912799
1-Feb-95,3,4003502,2045825,1957677
1-Feb-95,4,4113538,2105414,2008124
1-Feb-95,5,4008769,2053201,1955568
1-Feb-95,6,3871711,1981740,1889971
1-Feb-95,7,3816770,1952204,1864566
1-Feb-95,8,3680745,1883917,1796828
1-Feb-95,9,3873080,1986143,1886937
1-Feb-95,10,3838237,1966928,1871309
1-Feb-95,11,3771905,1932468,1839437
1-Feb-95,12,3869915,1980401,1889514
1-Feb-95,13,3757424,1923801,1833623
1-Feb-95,14,3901038,2001497,1899541
1-Feb-95,15,3756121,1931029,1825092
1-Feb-95,16,3620721,1865822,1754899
1-Feb-95,17,3649811,1885720,1764091
1-Feb-95,18,3466033,1767034,1698999
1-Feb-95,19,3517906,1773246,1744660
1-Feb-95,20,3504399,1760552,1743847
1-Feb-95,21,3394159,1701470,1692689
1-Feb-95,22,3470912,1738492,1732420
1-Feb-95,23,3658277,1824360,1833917
1-Feb-95,24,4024025,2007007,2017018
1-Feb-95,25,3883531,1940347,1943184
1-Feb-95,26,3773169,1877661,1895508
1-Feb-95,27,3795499,1890666,1904833
1-Feb-95,28,3760873,1867072,1893801
1-Feb-95,29,4133467,2057861,2075606
1-Feb-95,30,4384202,2182194,2202008
1-Feb-95,31,4330988,2152228,2178760
1-Feb-95,32,4478711,2225537,2253174
1-Feb-95,33,4370408,2164548,2205860
1-Feb-95,34,4711266,2345137,2366129
1-Feb-95,35,4572556,2272270,2300286
1-Feb-95,36,4447436,2196170,2251266
1-Feb-95,37,4488029,2218662,2269367
1-Feb-95,38,4215081,2077052,2138029
1-Feb-95,39,4407737,2180691,2227046
1-Feb-95,40,4296492,2122851,2173641
1-Feb-95,41,4020095,1974489,2045606
1-Feb-95,42,4042947,1989605,2053342
1-Feb-95,43,3742565,1833082,1909483
1-Feb-95,44,3839987,1896258,1943729
1-Feb-95,45,3688608,1813799,1874809
1-Feb-95,46,3587237,1757861,1829376
1-Feb-95,47,3721013,1824500,1896513
1-Feb-95,48,3339902,1636237,1703665
1-Feb-95,49,2898835,1419817,1479018
1-Feb-95,50,2914771,1424560,1490211
1-Feb-95,51,2895565,1412850,1482715
1-Feb-95,52,2885701,1408742,1476959
1-Feb-95,53,2515243,1219299,1295944
1-Feb-95,54,2477650,1203781,1273869
1-Feb-95,55,2320343,1121754,1198589
1-Feb-95,56,2312030,1114148,1197882
1-Feb-95,57,2242706,1077219,1165487
1-Feb-95,58,2069089,991386,1077703
1-Feb-95,59,2143295,1025168,1118127
1-Feb-95,60,2117472,1005944,1111528
1-Feb-95,61,1926009,914677,1011332
1-Feb-95,62,1978169,931296,1046873
1-Feb-95,63,2019200,948205,1070995
1-Feb-95,64,2108119,981957,1126162
1-Feb-95,65,2058704,956747,1101957
1-Feb-95,66,2039383,933730,1105653
1-Feb-95,67,2062976,939293,1123683
1-Feb-95,68,1916477,858853,1057624
1-Feb-95,69,1904054,843567,1060487
1-Feb-95,70,1902948,834563,1068385
1-Feb-95,71,1803309,789455,1013854
1-Feb-95,72,1761294,765158,996136
1-Feb-95,73,1749837,754381,995456
1-Feb-95,74,1647980,700087,947893
1-Feb-95,75,1504365,625992,878373
1-Feb-95,76,1411811,578815,832996
1-Feb-95,77,1308542,525433,783109
1-Feb-95,78,1250619,493669,756950
1-Feb-95,79,1175232,452487,722745
1-Feb-95,80,1091731,408486,683245
1-Feb-95,81,975506,354740,620766
1-Feb-95,82,899787,319951,579836
1-Feb-95,83,788401,270814,517587
1-Feb-95,84,710141,232880,477261
1-Feb-95,85,617010,198060,418950
1-Feb-95,86,544026,168358,375668
1-Feb-95,87,473220,140969,332251
1-Feb-95,88,398243,113642,284601
1-Feb-95,89,345506,94475,251031
1-Feb-95,90,296849,77730,219119
1-Feb-95,91,233087,58339,174748
1-Feb-95,92,185672,44792,140880
1-Feb-95,93,144488,33361,111127
1-Feb-95,94,122044,26791,95253
1-Feb-95,95,78486,16292,62194
1-Feb-95,96,57919,11205,46714
1-Feb-95,97,43013,8110,34903
1-Feb-95,98,31590,5721,25869
1-Feb-95,99,21866,3939,17927
1-Feb-95,100+,42634,7909,34725
,,,,
1-Mar-95,All Age,263844177,128469483,135374694
1-Mar-95,0,3807387,1949054,1858333
1-Mar-95,1,3852817,1970853,1881964
1-Mar-95,2,3910758,2003222,1907536
1-Mar-95,3,4010332,2049663,1960669
1-Mar-95,4,4114641,2105726,2008915
1-Mar-95,5,4022376,2060201,1962175
1-Mar-95,6,3870661,1981322,1889339
1-Mar-95,7,3831731,1959731,1872000
1-Mar-95,8,3687168,1887291,1799877
1-Mar-95,9,3869094,1984035,1885059
1-Mar-95,10,3840035,1967927,1872108
1-Mar-95,11,3777780,1935408,1842372
1-Mar-95,12,3860154,1975665,1884489
1-Mar-95,13,3794623,1942875,1851748
1-Mar-95,14,3867548,1984232,1883316
1-Mar-95,15,3782051,1944069,1837982
1-Mar-95,16,3635404,1873617,1761787
1-Mar-95,17,3648762,1885271,1763491
1-Mar-95,18,3479028,1774962,1704066
1-Mar-95,19,3525798,1777302,1748496
1-Mar-95,20,3507119,1762497,1744622
1-Mar-95,21,3395127,1702005,1693122
1-Mar-95,22,3440305,1721990,1718315
1-Mar-95,23,3663917,1828594,1835323
1-Mar-95,24,4005189,1997600,2007589
1-Mar-95,25,3899186,1947866,1951320
1-Mar-95,26,3777770,1879877,1897893
1-Mar-95,27,3801812,1893831,1907981
1-Mar-95,28,3767047,1870799,1896248
1-Mar-95,29,4109003,2045148,2063855
1-Mar-95,30,4362878,2172004,2190874
1-Mar-95,31,4343869,2159251,2184618
1-Mar-95,32,4454320,2212939,2241381
1-Mar-95,33,4417892,2189307,2228585
1-Mar-95,34,4654882,2316012,2338870
1-Mar-95,35,4599397,2286607,2312790
1-Mar-95,36,4456085,2200481,2255604
1-Mar-95,37,4490560,2219559,2271001
1-Mar-95,38,4223201,2082880,2140321
1-Mar-95,39,4408903,2179465,2229438
1-Mar-95,40,4305464,2128031,2177433
1-Mar-95,41,4036084,1982886,2053198
1-Mar-95,42,4017918,1977048,2040870
1-Mar-95,43,3814311,1869333,1944978
1-Mar-95,44,3795125,1872384,1922741
1-Mar-95,45,3709356,1824957,1884399
1-Mar-95,46,3576454,1752714,1823740
1-Mar-95,47,3704701,1815714,1888987
1-Mar-95,48,3444518,1688892,1755626
1-Mar-95,49,2873161,1406018,1467143
1-Mar-95,50,2912231,1423777,1488454
1-Mar-95,51,2890523,1410179,1480344
1-Mar-95,52,2900058,1415870,1484188
1-Mar-95,53,2550072,1236837,1313235
1-Mar-95,54,2471261,1200300,1270961
1-Mar-95,55,2329123,1126270,1202853
1-Mar-95,56,2316133,1116205,1199928
1-Mar-95,57,2251972,1081763,1170209
1-Mar-95,58,2068146,991069,1077077
1-Mar-95,59,2141763,1024309,1117454
1-Mar-95,60,2129889,1012068,1117821
1-Mar-95,61,1925903,914898,1011005
1-Mar-95,62,1968762,927201,1041561
1-Mar-95,63,2022807,950008,1072799
1-Mar-95,64,2100348,977588,1122760
1-Mar-95,65,2059921,958308,1101613
1-Mar-95,66,2032329,930585,1101744
1-Mar-95,67,2069568,943096,1126472
1-Mar-95,68,1918924,860011,1058913
1-Mar-95,69,1898802,841478,1057324
1-Mar-95,70,1899751,833285,1066466
1-Mar-95,71,1808482,791813,1016669
1-Mar-95,72,1756285,762776,993509
1-Mar-95,73,1752444,755520,996924
1-Mar-95,74,1650937,701916,949021
1-Mar-95,75,1510879,628872,882007
1-Mar-95,76,1414525,580323,834202
1-Mar-95,77,1309158,525445,783713
1-Mar-95,78,1249607,493583,756024
1-Mar-95,79,1176777,453338,723439
1-Mar-95,80,1093512,409489,684023
1-Mar-95,81,976471,355297,621174
1-Mar-95,82,901376,320520,580856
1-Mar-95,83,790186,271810,518376
1-Mar-95,84,710341,232929,477412
1-Mar-95,85,618576,198657,419919
1-Mar-95,86,543522,168297,375225
1-Mar-95,87,475614,141723,333891
1-Mar-95,88,398724,113834,284890
1-Mar-95,89,344427,94227,250200
1-Mar-95,90,297367,77861,219506
1-Mar-95,91,234264,58655,175609
1-Mar-95,92,186473,44960,141513
1-Mar-95,93,143825,33229,110596
1-Mar-95,94,122398,26880,95518
1-Mar-95,95,79138,16461,62677
1-Mar-95,96,57949,11205,46744
1-Mar-95,97,42918,8087,34831
1-Mar-95,98,31460,5696,25764
1-Mar-95,99,21914,3946,17968
1-Mar-95,100+,42640,7914,34726
,,,,
1-Apr-95,All Age,264111934,128610190,135501744
1-Apr-95,0,3795533,1943198,1852335
1-Apr-95,1,3851042,1969961,1881081
1-Apr-95,2,3913560,2004737,1908823
1-Apr-95,3,4006650,2047572,1959078
1-Apr-95,4,4113417,2105414,2008003
1-Apr-95,5,4034558,2066477,1968081
1-Apr-95,6,3885079,1988836,1896243
1-Apr-95,7,3836164,1961858,1874306
1-Apr-95,8,3698335,1893094,1805241
1-Apr-95,9,3865083,1981907,1883176
1-Apr-95,10,3849451,1972826,1876625
1-Apr-95,11,3771812,1932262,1839550
1-Apr-95,12,3854704,1973158,1881546
1-Apr-95,13,3835856,1964008,1871848
1-Apr-95,14,3843476,1971785,1871691
1-Apr-95,15,3797341,1951606,1845735
1-Apr-95,16,3651439,1882128,1769311
1-Apr-95,17,3647189,1884608,1762581
1-Apr-95,18,3506252,1790298,1715954
1-Apr-95,19,3525625,1777482,1748143
1-Apr-95,20,3512604,1765790,1746814
1-Apr-95,21,3389897,1699448,1690449
1-Apr-95,22,3427448,1714247,1713201
1-Apr-95,23,3657916,1827113,1830803
1-Apr-95,24,3982862,1986406,1996456
1-Apr-95,25,3915573,1955821,1959752
1-Apr-95,26,3793190,1887374,1905816
1-Apr-95,27,3795860,1890899,1904961
1-Apr-95,28,3773179,1874533,1898646
1-Apr-95,29,4084286,2032241,2052045
1-Apr-95,30,4359918,2171138,2188780
1-Apr-95,31,4340739,2158377,2182362
1-Apr-95,32,4425012,2197894,2227118
1-Apr-95,33,4470920,2216821,2254099
1-Apr-95,34,4607551,2291261,2316290
1-Apr-95,35,4611265,2293671,2317594
1-Apr-95,36,4473726,2209272,2264454
1-Apr-95,37,4489415,2218645,2270770
1-Apr-95,38,4243513,2094758,2148755
1-Apr-95,39,4402601,2174367,2228234
1-Apr-95,40,4319928,2135901,2184027
1-Apr-95,41,4055157,1992826,2062331
1-Apr-95,42,3993736,1964784,2028952
1-Apr-95,43,3876487,1901011,1975476
1-Apr-95,44,3754845,1850553,1904292
1-Apr-95,45,3726085,1834201,1891884
1-Apr-95,46,3578219,1753711,1824508
1-Apr-95,47,3679136,1802371,1876765
1-Apr-95,48,3552219,1743122,1809097
1-Apr-95,49,2851835,1394257,1457578
1-Apr-95,50,2922181,1429162,1493019
1-Apr-95,51,2872668,1401243,1471425
1-Apr-95,52,2912798,1422163,1490635
1-Apr-95,53,2584799,1254438,1330361
1-Apr-95,54,2471715,1200106,1271609
1-Apr-95,55,2331633,1127765,1203868
1-Apr-95,56,2320762,1118530,1202232
1-Apr-95,57,2262311,1086839,1175472
1-Apr-95,58,2073439,993751,1079688
1-Apr-95,59,2133712,1020323,1113389
1-Apr-95,60,2143740,1018900,1124840
1-Apr-95,61,1925918,915193,1010725
1-Apr-95,62,1964606,925620,1038986
1-Apr-95,63,2020780,949167,1071613
1-Apr-95,64,2091935,972846,1119089
1-Apr-95,65,2061423,960113,1101310
1-Apr-95,66,2030957,930049,1100908
1-Apr-95,67,2070721,944491,1126230
1-Apr-95,68,1921796,861373,1060423
1-Apr-95,69,1893212,839277,1053935
1-Apr-95,70,1902081,834423,1067658
1-Apr-95,71,1808827,792072,1016755
1-Apr-95,72,1750975,760239,990736
1-Apr-95,73,1755526,756866,998660
1-Apr-95,74,1659178,706011,953167
1-Apr-95,75,1513539,630144,883395
1-Apr-95,76,1417718,582063,835655
1-Apr-95,77,1310051,525532,784519
1-Apr-95,78,1252363,494996,757367
1-Apr-95,79,1175042,452923,722119
1-Apr-95,80,1095675,410635,685040
1-Apr-95,81,977731,355969,621762
1-Apr-95,82,905828,322076,583752
1-Apr-95,83,789804,272062,517742
1-Apr-95,84,710736,233016,477720
1-Apr-95,85,620444,199337,421107
1-Apr-95,86,544643,168704,375939
1-Apr-95,87,476793,142091,334702
1-Apr-95,88,399353,114053,285300
1-Apr-95,89,343347,93961,249386
1-Apr-95,90,298796,78219,220577
1-Apr-95,91,234806,58795,176011
1-Apr-95,92,187381,45140,142241
1-Apr-95,93,143135,33080,110055
1-Apr-95,94,122792,26973,95819
1-Apr-95,95,79834,16625,63209
1-Apr-95,96,57982,11205,46777
1-Apr-95,97,42822,8058,34764
1-Apr-95,98,31385,5677,25708
1-Apr-95,99,21889,3939,17950
1-Apr-95,100+,42664,7929,34735
,,,,
1-May-95,All Age,264363283,128742067,135621216
1-May-95,0,3788214,1939443,1848771
1-May-95,1,3842132,1965477,1876655
1-May-95,2,3907583,2001671,1905912
1-May-95,3,4005458,2046914,1958544
1-May-95,4,4113938,2105996,2007942
1-May-95,5,4052918,2075715,1977203
1-May-95,6,3895793,1994322,1901471
1-May-95,7,3837695,1962770,1874925
1-May-95,8,3703739,1895844,1807895
1-May-95,9,3866508,1982433,1884075
1-May-95,10,3867730,1982461,1885269
1-May-95,11,3764386,1928280,1836106
1-May-95,12,3858671,1975369,1883302
1-May-95,13,3845978,1969051,1876927
1-May-95,14,3832382,1966113,1866269
1-May-95,15,3824613,1965648,1858965
1-May-95,16,3668226,1890861,1777365
1-May-95,17,3638421,1880094,1758327
1-May-95,18,3530239,1803765,1726474
1-May-95,19,3520911,1775707,1745204
1-May-95,20,3519228,1769325,1749903
1-May-95,21,3390069,1699531,1690538
1-May-95,22,3422125,1711686,1710439
1-May-95,23,3632391,1814872,1817519
1-May-95,24,3979719,1984263,1995456
1-May-95,25,3928770,1962391,1966379
1-May-95,26,3804302,1893298,1911004
1-May-95,27,3802726,1894513,1908213
1-May-95,28,3759622,1868209,1891413
1-May-95,29,4077670,2028582,2049088
1-May-95,30,4348216,2166051,2182165
1-May-95,31,4331748,2153445,2178303
1-May-95,32,4421879,2196582,2225297
1-May-95,33,4472091,2217644,2254447
1-May-95,34,4599678,2287286,2312392
1-May-95,35,4626695,2301668,2325027
1-May-95,36,4475714,2210311,2265403
1-May-95,37,4486170,2216984,2269186
1-May-95,38,4268949,2107498,2161451
1-May-95,39,4398342,2171947,2226395
1-May-95,40,4332924,2142939,2189985
1-May-95,41,4073669,2002080,2071589
1-May-95,42,3988080,1961946,2026134
1-May-95,43,3880623,1903065,1977558
1-May-95,44,3775551,1860556,1914995
1-May-95,45,3731674,1837548,1894126
1-May-95,46,3566912,1747962,1818950
1-May-95,47,3666969,1796227,1870742
1-May-95,48,3623607,1778113,1845494
1-May-95,49,2853141,1395262,1457879
1-May-95,50,2931501,1433942,1497559
1-May-95,51,2850599,1390278,1460321
1-May-95,52,2936714,1433777,1502937
1-May-95,53,2586848,1255600,1331248
1-May-95,54,2483688,1206059,1277629
1-May-95,55,2341204,1132530,1208674
1-May-95,56,2318886,1117697,1201189
1-May-95,57,2268100,1089674,1178426
1-May-95,58,2079592,996832,1082760
1-May-95,59,2133199,1020166,1113033
1-May-95,60,2145917,1019838,1126079
1-May-95,61,1933881,919219,1014662
1-May-95,62,1964234,925869,1038365
1-May-95,63,2009302,943735,1065567
1-May-95,64,2089876,972205,1117671
1-May-95,65,2062821,960208,1102613
1-May-95,66,2027458,929284,1098174
1-May-95,67,2068149,943401,1124748
1-May-95,68,1925297,864000,1061297
1-May-95,69,1892939,839314,1053625
1-May-95,70,1900429,833596,1066833
1-May-95,71,1810455,792862,1017593
1-May-95,72,1750838,760374,990464
1-May-95,73,1751307,754978,996329
1-May-95,74,1666795,709281,957514
1-May-95,75,1519974,633345,886629
1-May-95,76,1419706,583085,836621
1-May-95,77,1313683,527431,786252
1-May-95,78,1251940,494752,757188
1-May-95,79,1175135,453215,721920
1-May-95,80,1097859,411706,686153
1-May-95,81,979637,357130,622507
1-May-95,82,906961,322686,584275
1-May-95,83,793284,273339,519945
1-May-95,84,712493,234123,478370
1-May-95,85,621551,199524,422027
1-May-95,86,545698,169185,376513
1-May-95,87,477653,142478,335175
1-May-95,88,401520,114778,286742
1-May-95,89,344079,94250,249829
1-May-95,90,298515,78175,220340
1-May-95,91,236192,59166,177026
1-May-95,92,188247,45353,142894
1-May-95,93,143512,33170,110342
1-May-95,94,122488,26937,95551
1-May-95,95,81087,16912,64175
1-May-95,96,58207,11266,46941
1-May-95,97,42868,8051,34817
1-May-95,98,31394,5676,25718
1-May-95,99,21938,3949,17989
1-May-95,100+,42844,7948,34896
,,,,
1-Jun-95,All Age,264641772,128887655,135754117
1-Jun-95,0,3792067,1941581,1850486
1-Jun-95,1,3837132,1962771,1874361
1-Jun-95,2,3899875,1998428,1901447
1-Jun-95,3,3997663,2043266,1954397
1-Jun-95,4,4114226,2106029,2008197
1-Jun-95,5,4071622,2085126,1986496
1-Jun-95,6,3907274,2000202,1907072
1-Jun-95,7,3843981,1966118,1877863
1-Jun-95,8,3709293,1898660,1810633
1-Jun-95,9,3863777,1980816,1882961
1-Jun-95,10,3888369,1993303,1895066
1-Jun-95,11,3761374,1926544,1834830
1-Jun-95,12,3856896,1974624,1882272
1-Jun-95,13,3860439,1976294,1884145
1-Jun-95,14,3825117,1962383,1862734
1-Jun-95,15,3842345,1974784,1867561
1-Jun-95,16,3684593,1899370,1785223
1-Jun-95,17,3633771,1877671,1756100
1-Jun-95,18,3558549,1819312,1739237
1-Jun-95,19,3513546,1772621,1740925
1-Jun-95,20,3525690,1772953,1752737
1-Jun-95,21,3394146,1701577,1692569
1-Jun-95,22,3407466,1704324,1703142
1-Jun-95,23,3624044,1811065,1812979
1-Jun-95,24,3962867,1975444,1987423
1-Jun-95,25,3947514,1971673,1975841
1-Jun-95,26,3806373,1894771,1911602
1-Jun-95,27,3804314,1895448,1908866
1-Jun-95,28,3761154,1869653,1891501
1-Jun-95,29,4062419,2020628,2041791
1-Jun-95,30,4336773,2161072,2175701
1-Jun-95,31,4325197,2149716,2175481
1-Jun-95,32,4423032,2197354,2225678
1-Jun-95,33,4473710,2218705,2255005
1-Jun-95,34,4593226,2283955,2309271
1-Jun-95,35,4641797,2309595,2332202
1-Jun-95,36,4467462,2206313,2261149
1-Jun-95,37,4485936,2216839,2269097
1-Jun-95,38,4301549,2123711,2177838
1-Jun-95,39,4383024,2164119,2218905
1-Jun-95,40,4349567,2151719,2197848
1-Jun-95,41,4085072,2007868,2077204
1-Jun-95,42,3995102,1965314,2029788
1-Jun-95,43,3876242,1900909,1975333
1-Jun-95,44,3795161,1870046,1925115
1-Jun-95,45,3744600,1844476,1900124
1-Jun-95,46,3572035,1750226,1821809
1-Jun-95,47,3638231,1781967,1856264
1-Jun-95,48,3693468,1812309,1881159
1-Jun-95,49,2860353,1399169,1461184
1-Jun-95,50,2938961,1437815,1501146
1-Jun-95,51,2836631,1383287,1453344
1-Jun-95,52,2957537,1443840,1513697
1-Jun-95,53,2585962,1255395,1330567
1-Jun-95,54,2496142,1212272,1283870
1-Jun-95,55,2351163,1137484,1213679
1-Jun-95,56,2317040,1116886,1200154
1-Jun-95,57,2274155,1092645,1181510
1-Jun-95,58,2086042,1000068,1085974
1-Jun-95,59,2132771,1020074,1112697
1-Jun-95,60,2148291,1020871,1127420
1-Jun-95,61,1942227,923451,1018776
1-Jun-95,62,1963971,926183,1037788
1-Jun-95,63,1997616,938223,1059393
1-Jun-95,64,2087921,971630,1116291
1-Jun-95,65,2064436,960393,1104043
1-Jun-95,66,2024050,928611,1095439
1-Jun-95,67,2065690,942382,1123308
1-Jun-95,68,1929122,866816,1062306
1-Jun-95,69,1892874,839462,1053412
1-Jun-95,70,1898927,832848,1066079
1-Jun-95,71,1812386,793803,1018583
1-Jun-95,72,1750932,760630,990302
1-Jun-95,73,1747256,753183,994073
1-Jun-95,74,1674855,712743,962112
1-Jun-95,75,1526901,636781,890120
1-Jun-95,76,1422013,584254,837759
1-Jun-95,77,1317684,529499,788185
1-Jun-95,78,1251818,494649,757169
1-Jun-95,79,1175520,453628,721892
1-Jun-95,80,1100382,412915,687467
1-Jun-95,81,981861,358415,623446
1-Jun-95,82,908413,323421,584992
1-Jun-95,83,797086,274722,522364
1-Jun-95,84,714515,235313,479202
1-Jun-95,85,622920,199794,423126
1-Jun-95,86,546992,169739,377253
1-Jun-95,87,478716,142918,335798
1-Jun-95,88,403885,115555,288330
1-Jun-95,89,344968,94567,250401
1-Jun-95,90,298363,78155,220208
1-Jun-95,91,237703,59563,178140
1-Jun-95,92,189204,45576,143628
1-Jun-95,93,143958,33270,110688
1-Jun-95,94,122245,26911,95334
1-Jun-95,95,82367,17195,65172
1-Jun-95,96,58448,11329,47119
1-Jun-95,97,42934,8048,34886
1-Jun-95,98,31408,5672,25736
1-Jun-95,99,21992,3959,18033
1-Jun-95,100+,43085,7991,35094
,,,,
1-Jul-95,All Age,264927094,129033331,135893763
1-Jul-95,0,3791386,1941251,1850135
1-Jul-95,1,3832267,1960718,1871549
1-Jul-95,2,3896142,1996498,1899644
1-Jul-95,3,4003956,2046406,1957550
1-Jul-95,4,4102754,2099595,2003159
1-Jul-95,5,4080906,2090592,1990314
1-Jul-95,6,3918857,2006141,1912716
1-Jul-95,7,3851996,1970356,1881640
1-Jul-95,8,3724335,1906327,1818008
1-Jul-95,9,3862077,1979726,1882351
1-Jul-95,10,3900144,1999592,1900552
1-Jul-95,11,3757198,1924225,1832973
1-Jul-95,12,3854253,1973427,1880826
1-Jul-95,13,3875030,1983604,1891426
1-Jul-95,14,3820424,1959992,1860432
1-Jul-95,15,3864742,1986340,1878402
1-Jul-95,16,3695963,1905324,1790639
1-Jul-95,17,3629811,1875308,1754503
1-Jul-95,18,3574832,1826881,1747951
1-Jul-95,19,3517582,1774892,1742690
1-Jul-95,20,3533591,1777312,1756279
1-Jul-95,21,3391780,1700408,1691372
1-Jul-95,22,3403619,1702519,1701100
1-Jul-95,23,3605454,1802476,1802978
1-Jul-95,24,3940442,1963544,1976898
1-Jul-95,25,3969175,1982411,1986764
1-Jul-95,26,3812075,1897779,1914296
1-Jul-95,27,3805322,1896115,1909207
1-Jul-95,28,3762635,1870804,1891831
1-Jul-95,29,4045348,2011832,2033516
1-Jul-95,30,4320595,2153737,2166858
1-Jul-95,31,4326824,2149958,2176866
1-Jul-95,32,4429558,2200794,2228764
1-Jul-95,33,4468625,2216490,2252135
1-Jul-95,34,4586861,2280654,2306207
1-Jul-95,35,4650769,2314440,2336329
1-Jul-95,36,4469464,2207259,2262205
1-Jul-95,37,4477877,2212886,2264991
1-Jul-95,38,4318709,2132436,2186273
1-Jul-95,39,4389360,2167022,2222338
1-Jul-95,40,4356271,2155634,2200637
1-Jul-95,41,4090948,2010976,2079972
1-Jul-95,42,4005665,1970511,2035154
1-Jul-95,43,3889781,1907582,1982199
1-Jul-95,44,3789097,1866840,1922257
1-Jul-95,45,3773587,1859388,1914199
1-Jul-95,46,3586014,1756829,1829185
1-Jul-95,47,3606278,1766172,1840106
1-Jul-95,48,3753336,1841610,1911726
1-Jul-95,49,2874485,1406492,1467993
1-Jul-95,50,2940448,1438805,1501643
1-Jul-95,51,2828024,1378915,1449109
1-Jul-95,52,2977797,1453646,1524151
1-Jul-95,53,2596192,1260626,1335566
1-Jul-95,54,2508315,1218361,1289954
1-Jul-95,55,2360928,1142343,1218585
1-Jul-95,56,2315391,1116170,1199221
1-Jul-95,57,2280142,1095586,1184556
1-Jul-95,58,2092365,1003249,1089116
1-Jul-95,59,2132490,1020052,1112438
1-Jul-95,60,2150680,1021925,1128755
1-Jul-95,61,1950403,927589,1022814
1-Jul-95,62,1963806,926530,1037276
1-Jul-95,63,1986441,932963,1053478
1-Jul-95,64,2086168,971154,1115014
1-Jul-95,65,2066151,960654,1105497
1-Jul-95,66,2020906,928038,1092868
1-Jul-95,67,2063478,941488,1121990
1-Jul-95,68,1932993,869620,1063373
1-Jul-95,69,1892957,839691,1053266
1-Jul-95,70,1897621,832194,1065427
1-Jul-95,71,1814445,794811,1019634
1-Jul-95,72,1751194,760959,990235
1-Jul-95,73,1743526,751535,991991
1-Jul-95,74,1682817,716167,966650
1-Jul-95,75,1533755,640175,893580
1-Jul-95,76,1424436,585480,838956
1-Jul-95,77,1321703,531555,790148
1-Jul-95,78,1251908,494639,757269
1-Jul-95,79,1176080,454108,721972
1-Jul-95,80,1102979,414135,688844
1-Jul-95,81,984170,359712,624458
1-Jul-95,82,909983,324187,585796
1-Jul-95,83,800876,276086,524790
1-Jul-95,84,716604,236492,480112
1-Jul-95,85,624365,200082,424283
1-Jul-95,86,548357,170297,378060
1-Jul-95,87,479847,143364,336483
1-Jul-95,88,406201,116291,289910
1-Jul-95,89,345888,94877,251011
1-Jul-95,90,298300,78151,220149
1-Jul-95,91,239170,59933,179237
1-Jul-95,92,190148,45793,144355
1-Jul-95,93,144400,33362,111038
1-Jul-95,94,122026,26871,95155
1-Jul-95,95,83577,17463,66114
1-Jul-95,96,58672,11378,47294
1-Jul-95,97,42988,8046,34942
1-Jul-95,98,31436,5677,25759
1-Jul-95,99,22025,3958,18067
1-Jul-95,100+,43322,8043,35279
,,,,
1-Aug-95,All Age,265226067,129189370,136036697
1-Aug-95,0,3787515,1938687,1848828
1-Aug-95,1,3826183,1957566,1868617
1-Aug-95,2,3890123,1993723,1896400
1-Aug-95,3,4001349,2045558,1955791
1-Aug-95,4,4099226,2097178,2002048
1-Aug-95,5,4095246,2098188,1997058
1-Aug-95,6,3929536,2011601,1917935
1-Aug-95,7,3860638,1974919,1885719
1-Aug-95,8,3728868,1908615,1820253
1-Aug-95,9,3861786,1979366,1882420
1-Aug-95,10,3910798,2005320,1905478
1-Aug-95,11,3764988,1928057,1836931
1-Aug-95,12,3844887,1968805,1876082
1-Aug-95,13,3882748,1987439,1895309
1-Aug-95,14,3813355,1956333,1857022
1-Aug-95,15,3887801,1998229,1889572
1-Aug-95,16,3712486,1913938,1798548
1-Aug-95,17,3631983,1876039,1755944
1-Aug-95,18,3585596,1830517,1755079
1-Aug-95,19,3518476,1775796,1742680
1-Aug-95,20,3537362,1779930,1757432
1-Aug-95,21,3399551,1705134,1694417
1-Aug-95,22,3404921,1704247,1700674
1-Aug-95,23,3586439,1793824,1792615
1-Aug-95,24,3910994,1948616,1962378
1-Aug-95,25,3991394,1993351,1998043
1-Aug-95,26,3822909,1903326,1919583
1-Aug-95,27,3808439,1897859,1910580
1-Aug-95,28,3765298,1872664,1892634
1-Aug-95,29,4021231,1999501,2021730
1-Aug-95,30,4303787,2146129,2157658
1-Aug-95,31,4325376,2148793,2176583
1-Aug-95,32,4429012,2200653,2228359
1-Aug-95,33,4468635,2216982,2251653
1-Aug-95,34,4568008,2271443,2296565
1-Aug-95,35,4673055,2326139,2346916
1-Aug-95,36,4480167,2212815,2267352
1-Aug-95,37,4460239,2204491,2255748
1-Aug-95,38,4333557,2140256,2193301
1-Aug-95,39,4401971,2173371,2228600
1-Aug-95,40,4361349,2158928,2202421
1-Aug-95,41,4096853,2014336,2082517
1-Aug-95,42,4013699,1974425,2039274
1-Aug-95,43,3917138,1921279,1995859
1-Aug-95,44,3781677,1862915,1918762
1-Aug-95,45,3792158,1869267,1922891
1-Aug-95,46,3591676,1759344,1832332
1-Aug-95,47,3598105,1761958,1836147
1-Aug-95,48,3787188,1858126,1929062
1-Aug-95,49,2915111,1426886,1488225
1-Aug-95,50,2935071,1436510,1498561
1-Aug-95,51,2824303,1376891,1447412
1-Aug-95,52,2994753,1461785,1532968
1-Aug-95,53,2628343,1276834,1351509
1-Aug-95,54,2509609,1218628,1290981
1-Aug-95,55,2374880,1149498,1225382
1-Aug-95,56,2313246,1115109,1198137
1-Aug-95,57,2284924,1097948,1186976
1-Aug-95,58,2103039,1008531,1094508
1-Aug-95,59,2129750,1018808,1110942
1-Aug-95,60,2150208,1021693,1128515
1-Aug-95,61,1964395,934423,1029972
1-Aug-95,62,1957472,923969,1033503
1-Aug-95,63,1984945,932423,1052522
1-Aug-95,64,2075803,966433,1109370
1-Aug-95,65,2069084,961489,1107595
1-Aug-95,66,2020098,928586,1091512
1-Aug-95,67,2057422,938839,1118583
1-Aug-95,68,1939766,873612,1066154
1-Aug-95,69,1892332,839635,1052697
1-Aug-95,70,1894510,830836,1063674
1-Aug-95,71,1817136,796052,1021084
1-Aug-95,72,1752332,761702,990630
1-Aug-95,73,1738567,749277,989290
1-Aug-95,74,1688512,718708,969804
1-Aug-95,75,1542657,644365,898292
1-Aug-95,76,1426594,586695,839899
1-Aug-95,77,1325937,533750,792187
1-Aug-95,78,1252493,494730,757763
1-Aug-95,79,1176869,454775,722094
1-Aug-95,80,1104727,415144,689583
1-Aug-95,81,987435,361284,626151
1-Aug-95,82,910879,324884,585995
1-Aug-95,83,805405,277622,527783
1-Aug-95,84,717827,237554,480273
1-Aug-95,85,626475,200554,425921
1-Aug-95,86,549768,170871,378897
1-Aug-95,87,481052,143882,337170
1-Aug-95,88,408560,117018,291542
1-Aug-95,89,346672,95199,251473
1-Aug-95,90,297953,78084,219869
1-Aug-95,91,241058,60429,180629
1-Aug-95,92,190971,46018,144953
1-Aug-95,93,145692,33632,112060
1-Aug-95,94,121040,26702,94338
1-Aug-95,95,85282,17838,67444
1-Aug-95,96,58991,11467,47524
1-Aug-95,97,43141,8058,35083
1-Aug-95,98,31498,5686,25812
1-Aug-95,99,22086,3969,18117
1-Aug-95,100+,43618,8079,35539
,,,,
1-Sep-95,All Age,265536910,129347775,136189135
1-Sep-95,0,3786156,1938463,1847693
1-Sep-95,1,3827810,1958446,1869364
1-Sep-95,2,3892470,1994519,1897951
1-Sep-95,3,3985112,2037770,1947342
1-Sep-95,4,4094807,2094403,2000404
1-Sep-95,5,4104740,2103152,2001588
1-Sep-95,6,3942348,2018165,1924183
1-Sep-95,7,3882165,1986084,1896081
1-Sep-95,8,3729133,1908705,1820428
1-Sep-95,9,3857763,1977089,1880674
1-Sep-95,10,3914706,2007583,1907123
1-Sep-95,11,3776707,1933897,1842810
1-Sep-95,12,3841208,1967096,1874112
1-Sep-95,13,3887514,1989755,1897759
1-Sep-95,14,3808918,1954030,1854888
1-Sep-95,15,3905112,2007171,1897941
1-Sep-95,16,3727805,1921936,1805869
1-Sep-95,17,3636052,1878253,1757799
1-Sep-95,18,3602789,1838418,1764371
1-Sep-95,19,3523390,1778488,1744902
1-Sep-95,20,3532857,1778046,1754811
1-Sep-95,21,3407100,1709208,1697892
1-Sep-95,22,3400481,1702485,1697996
1-Sep-95,23,3569723,1786169,1783554
1-Sep-95,24,3888659,1937104,1951555
1-Sep-95,25,4011595,2003046,2008549
1-Sep-95,26,3833492,1908729,1924763
1-Sep-95,27,3811171,1899316,1911855
1-Sep-95,28,3760461,1870743,1889718
1-Sep-95,29,4004716,1990846,2013870
1-Sep-95,30,4294761,2142348,2152413
1-Sep-95,31,4312865,2142090,2170775
1-Sep-95,32,4419063,2195795,2223268
1-Sep-95,33,4473254,2219572,2253682
1-Sep-95,34,4540771,2257781,2282990
1-Sep-95,35,4708302,2344042,2364260
1-Sep-95,36,4488667,2217002,2271665
1-Sep-95,37,4448078,2198231,2249847
1-Sep-95,38,4336257,2141843,2194414
1-Sep-95,39,4413393,2178751,2234642
1-Sep-95,40,4375732,2166670,2209062
1-Sep-95,41,4104911,2018632,2086279
1-Sep-95,42,4018444,1976667,2041777
1-Sep-95,43,3943517,1934301,2009216
1-Sep-95,44,3769858,1856816,1913042
1-Sep-95,45,3816685,1882055,1934630
1-Sep-95,46,3588860,1757683,1831177
1-Sep-95,47,3601419,1763426,1837993
1-Sep-95,48,3796843,1862756,1934087
1-Sep-95,49,2980681,1459548,1521133
1-Sep-95,50,2933375,1436011,1497364
1-Sep-95,51,2817081,1373183,1443898
1-Sep-95,52,3003662,1465978,1537684
1-Sep-95,53,2671053,1298192,1372861
1-Sep-95,54,2511023,1218952,1292071
1-Sep-95,55,2388879,1156666,1232213
1-Sep-95,56,2311204,1114112,1197092
1-Sep-95,57,2289774,1100331,1189443
1-Sep-95,58,2113778,1013848,1099930
1-Sep-95,59,2127099,1017598,1109501
1-Sep-95,60,2149850,1021530,1128320
1-Sep-95,61,1978451,941284,1037167
1-Sep-95,62,1951237,921457,1029780
1-Sep-95,63,1983544,931926,1051618
1-Sep-95,64,2065562,961776,1103786
1-Sep-95,65,2072122,962385,1109737
1-Sep-95,66,2019416,929202,1090214
1-Sep-95,67,2051493,936254,1115239
1-Sep-95,68,1946638,877666,1068972
1-Sep-95,69,1891833,839642,1052191
1-Sep-95,70,1891523,829547,1061976
1-Sep-95,71,1819959,797366,1022593
1-Sep-95,72,1753579,762503,991076
1-Sep-95,73,1733762,747103,986659
1-Sep-95,74,1694284,721282,973002
1-Sep-95,75,1551663,648594,903069
1-Sep-95,76,1428885,587975,840910
1-Sep-95,77,1330277,535987,794290
1-Sep-95,78,1253224,494897,758327
1-Sep-95,79,1177791,455495,722296
1-Sep-95,80,1106591,416195,690396
1-Sep-95,81,990795,362883,627912
1-Sep-95,82,911909,325631,586278
1-Sep-95,83,809980,279165,530815
1-Sep-95,84,719143,238627,480516
1-Sep-95,85,628641,201041,427600
1-Sep-95,86,551235,171459,379776
1-Sep-95,87,482318,144413,337905
1-Sep-95,88,410930,117736,293194
1-Sep-95,89,347482,95519,251963
1-Sep-95,90,297658,78022,219636
1-Sep-95,91,242918,60914,182004
1-Sep-95,92,191795,46241,145554
1-Sep-95,93,146955,33894,113061
1-Sep-95,94,120095,26539,93556
1-Sep-95,95,86918,18195,68723
1-Sep-95,96,59294,11550,47744
1-Sep-95,97,43280,8067,35213
1-Sep-95,98,31551,5692,25859
1-Sep-95,99,22137,3982,18155
1-Sep-95,100+,43943,8144,35799
,,,,
1-Oct-95,All Age,265857948,129517294,136340654
1-Oct-95,0,3785468,1938334,1847134
1-Oct-95,1,3819847,1954243,1865604
1-Oct-95,2,3893425,1994781,1898644
1-Oct-95,3,3977992,2034737,1943255
1-Oct-95,4,4093451,2093363,2000088
1-Oct-95,5,4109667,2105520,2004147
1-Oct-95,6,3953214,2023736,1929478
1-Oct-95,7,3893765,1992176,1901589
1-Oct-95,8,3731663,1909969,1821694
1-Oct-95,9,3859468,1977744,1881724
1-Oct-95,10,3922141,2011668,1910473
1-Oct-95,11,3789218,1940144,1849074
1-Oct-95,12,3830273,1961670,1868603
1-Oct-95,13,3899781,1995926,1903855
1-Oct-95,14,3796938,1947872,1849066
1-Oct-95,15,3931623,2020847,1910776
1-Oct-95,16,3740711,1928686,1812025
1-Oct-95,17,3637787,1879268,1758519
1-Oct-95,18,3610142,1840864,1769278
1-Oct-95,19,3535466,1784530,1750936
1-Oct-95,20,3525717,1775171,1750546
1-Oct-95,21,3424266,1718529,1705737
1-Oct-95,22,3392144,1699250,1692894
1-Oct-95,23,3549351,1776853,1772498
1-Oct-95,24,3864669,1925238,1939431
1-Oct-95,25,4042920,2018695,2024225
1-Oct-95,26,3842395,1913563,1928832
1-Oct-95,27,3813677,1900964,1912713
1-Oct-95,28,3753701,1868164,1885537
1-Oct-95,29,3990066,1983417,2006649
1-Oct-95,30,4282317,2137141,2145176
1-Oct-95,31,4304106,2137544,2166562
1-Oct-95,32,4418226,2195702,2222524
1-Oct-95,33,4475785,2221288,2254497
1-Oct-95,34,4511437,2243411,2268026
1-Oct-95,35,4742088,2361400,2380688
1-Oct-95,36,4484031,2215001,2269030
1-Oct-95,37,4451920,2200024,2251896
1-Oct-95,38,4343662,2146059,2197603
1-Oct-95,39,4422134,2183024,2239110
1-Oct-95,40,4389900,2174522,2215378
1-Oct-95,41,4117409,2025130,2092279
1-Oct-95,42,4021636,1978255,2043381
1-Oct-95,43,3968620,1946821,2021799
1-Oct-95,44,3763139,1853293,1909846
1-Oct-95,45,3841213,1894887,1946326
1-Oct-95,46,3584424,1755246,1829178
1-Oct-95,47,3605951,1765544,1840407
1-Oct-95,48,3784795,1856749,1928046
1-Oct-95,49,3066365,1502125,1564240
1-Oct-95,50,2940594,1439809,1500785
1-Oct-95,51,2804355,1366857,1437498
1-Oct-95,52,2994987,1461588,1533399
1-Oct-95,53,2728271,1326644,1401627
1-Oct-95,54,2512452,1219292,1293160
1-Oct-95,55,2402502,1163666,1238836
1-Oct-95,56,2309265,1113158,1196107
1-Oct-95,57,2294487,1102651,1191836
1-Oct-95,58,2124211,1019026,1105185
1-Oct-95,59,2124617,1016479,1108138
1-Oct-95,60,2149543,1021398,1128145
1-Oct-95,61,1992078,947934,1044144
1-Oct-95,62,1945259,919078,1026181
1-Oct-95,63,1982226,931472,1050754
1-Oct-95,64,2055736,957319,1098417
1-Oct-95,65,2075119,963310,1111809
1-Oct-95,66,2018786,929816,1088970
1-Oct-95,67,2045816,933788,1112028
1-Oct-95,68,1953312,881608,1071704
1-Oct-95,69,1891367,839669,1051698
1-Oct-95,70,1888667,828335,1060332
1-Oct-95,71,1822704,798651,1024053
1-Oct-95,72,1754810,763305,991505
1-Oct-95,73,1729172,745034,984138
1-Oct-95,74,1699864,723773,976091
1-Oct-95,75,1560370,652699,907671
1-Oct-95,76,1431093,589217,841876
1-Oct-95,77,1334460,538136,796324
1-Oct-95,78,1253943,495077,758866
1-Oct-95,79,1178673,456180,722493
1-Oct-95,80,1108398,417222,691176
1-Oct-95,81,994029,364431,629598
1-Oct-95,82,912884,326346,586538
1-Oct-95,83,814330,280628,533702
1-Oct-95,84,720393,239659,480734
1-Oct-95,85,630706,201506,429200
1-Oct-95,86,552615,172017,380598
1-Oct-95,87,483477,144899,338578
1-Oct-95,88,413111,118397,294714
1-Oct-95,89,348200,95807,252393
1-Oct-95,90,297327,77951,219376
1-Oct-95,91,244621,61353,183268
1-Oct-95,92,192528,46440,146088
1-Oct-95,93,148097,34122,113975
1-Oct-95,94,119156,26372,92784
1-Oct-95,95,88392,18514,69878
1-Oct-95,96,59535,11615,47920
1-Oct-95,97,43379,8071,35308
1-Oct-95,98,31581,5700,25881
1-Oct-95,99,22155,3986,18169
1-Oct-95,100+,44191,8201,35990
,,,,
1-Nov-95,All Age,266120696,129653728,136466968
1-Nov-95,0,3785817,1938639,1847178
1-Nov-95,1,3817200,1952172,1865028
1-Nov-95,2,3883240,1989357,1893883
1-Nov-95,3,3973319,2033492,1939827
1-Nov-95,4,4089379,2090077,1999302
1-Nov-95,5,4117653,2109784,2007869
1-Nov-95,6,3968949,2031773,1937176
1-Nov-95,7,3897449,1994212,1903237
1-Nov-95,8,3740346,1914397,1825949
1-Nov-95,9,3853666,1974550,1879116
1-Nov-95,10,3925509,2013696,1911813
1-Nov-95,11,3805292,1948200,1857092
1-Nov-95,12,3822108,1957685,1864423
1-Nov-95,13,3910237,2001157,1909080
1-Nov-95,14,3783220,1940827,1842393
1-Nov-95,15,3950039,2030407,1919632
1-Nov-95,16,3756067,1936649,1819418
1-Nov-95,17,3640859,1881165,1759694
1-Nov-95,18,3617902,1844379,1773523
1-Nov-95,19,3547557,1790338,1757219
1-Nov-95,20,3513954,1769620,1744334
1-Nov-95,21,3441156,1727199,1713957
1-Nov-95,22,3384022,1695684,1688338
1-Nov-95,23,3527811,1766530,1761281
1-Nov-95,24,3840562,1913237,1927325
1-Nov-95,25,4064044,2028964,2035080
1-Nov-95,26,3850773,1917730,1933043
1-Nov-95,27,3817840,1903328,1914512
1-Nov-95,28,3747726,1865766,1881960
1-Nov-95,29,3980892,1978758,2002134
1-Nov-95,30,4262511,2127991,2134520
1-Nov-95,31,4295591,2133074,2162517
1-Nov-95,32,4413145,2193291,2219854
1-Nov-95,33,4479907,2223772,2256135
1-Nov-95,34,4492324,2233980,2258344
1-Nov-95,35,4765323,2373427,2391896
1-Nov-95,36,4475306,2210993,2264313
1-Nov-95,37,4450560,2199233,2251327
1-Nov-95,38,4355196,2152244,2202952
1-Nov-95,39,4433421,2188447,2244974
1-Nov-95,40,4401912,2181201,2220711
1-Nov-95,41,4136379,2034789,2101590
1-Nov-95,42,4018059,1976522,2041537
1-Nov-95,43,3985918,1955432,2030486
1-Nov-95,44,3760468,1851699,1908769
1-Nov-95,45,3862264,1905950,1956314
1-Nov-95,46,3583833,1754732,1829101
1-Nov-95,47,3607177,1766024,1841153
1-Nov-95,48,3758686,1843776,1914910
1-Nov-95,49,3170122,1553616,1616506
1-Nov-95,50,2943307,1441403,1501904
1-Nov-95,51,2797058,1363138,1433920
1-Nov-95,52,2971449,1449896,1521553
1-Nov-95,53,2782223,1353555,1428668
1-Nov-95,54,2518700,1222061,1296639
1-Nov-95,55,2413410,1169167,1244243
1-Nov-95,56,2308789,1112954,1195835
1-Nov-95,57,2298705,1104768,1193937
1-Nov-95,58,2136459,1025082,1111377
1-Nov-95,59,2122839,1015705,1107134
1-Nov-95,60,2146523,1019936,1126587
1-Nov-95,61,2007692,955468,1052224
1-Nov-95,62,1939002,916521,1022481
1-Nov-95,63,1982375,931776,1050599
1-Nov-95,64,2045886,952696,1093190
1-Nov-95,65,2074797,962646,1112151
1-Nov-95,66,2019760,931242,1088518
1-Nov-95,67,2039668,930978,1108690
1-Nov-95,68,1959531,885324,1074207
1-Nov-95,69,1891481,839952,1051529
1-Nov-95,70,1884276,826465,1057811
1-Nov-95,71,1824501,799477,1025024
1-Nov-95,72,1756617,764272,992345
1-Nov-95,73,1724246,742847,981399
1-Nov-95,74,1703214,725126,978088
1-Nov-95,75,1570086,657461,912625
1-Nov-95,76,1432817,590058,842759
1-Nov-95,77,1337942,539988,797954
1-Nov-95,78,1255052,495370,759682
1-Nov-95,79,1179400,456759,722641
1-Nov-95,80,1109384,417936,691448
1-Nov-95,81,997172,365959,631213
1-Nov-95,82,913472,326845,586627
1-Nov-95,83,818540,282020,536520
1-Nov-95,84,721037,240443,480594
1-Nov-95,85,632490,201965,430525
1-Nov-95,86,554034,172573,381461
1-Nov-95,87,484402,145290,339112
1-Nov-95,88,415519,119149,296370
1-Nov-95,89,348926,96126,252800
1-Nov-95,90,296751,77829,218922
1-Nov-95,91,246274,61775,184499
1-Nov-95,92,193249,46646,146603
1-Nov-95,93,149466,34400,115066
1-Nov-95,94,118067,26175,91892
1-Nov-95,95,89699,18799,70900
1-Nov-95,96,59980,11727,48253
1-Nov-95,97,43519,8088,35431
1-Nov-95,98,31612,5702,25910
1-Nov-95,99,22171,3989,18182
1-Nov-95,100+,44437,8236,36201
,,,,
1-Dec-95,All Age,266355195,129777718,136577477
1-Dec-95,0,3776921,1934460,1842461
1-Dec-95,1,3820180,1953346,1866834
1-Dec-95,2,3877948,1986439,1891509
1-Dec-95,3,3972173,2033604,1938569
1-Dec-95,4,4080080,2085013,1995067
1-Dec-95,5,4124355,2112916,2011439
1-Dec-95,6,3982918,2038897,1944021
1-Dec-95,7,3904361,1997901,1906460
1-Dec-95,8,3754741,1921736,1833005
1-Dec-95,9,3843398,1969087,1874311
1-Dec-95,10,3931983,2017275,1914708
1-Dec-95,11,3811225,1951065,1860160
1-Dec-95,12,3817127,1955300,1861827
1-Dec-95,13,3920527,2006299,1914228
1-Dec-95,14,3773831,1935994,1837837
1-Dec-95,15,3961230,2036240,1924990
1-Dec-95,16,3769550,1943623,1825927
1-Dec-95,17,3646368,1884279,1762089
1-Dec-95,18,3625396,1848615,1776781
1-Dec-95,19,3563992,1798689,1765303
1-Dec-95,20,3506915,1766452,1740463
1-Dec-95,21,3448994,1731492,1717502
1-Dec-95,22,3373534,1691019,1682515
1-Dec-95,23,3517053,1761769,1755284
1-Dec-95,24,3809770,1898116,1911654
1-Dec-95,25,4084929,2039150,2045779
1-Dec-95,26,3856585,1920661,1935924
1-Dec-95,27,3828938,1909160,1919778
1-Dec-95,28,3738721,1861887,1876834
1-Dec-95,29,3974301,1975357,1998944
1-Dec-95,30,4248242,2121593,2126649
1-Dec-95,31,4290686,2130331,2160355
1-Dec-95,32,4404564,2189158,2215406
1-Dec-95,33,4481837,2225061,2256776
1-Dec-95,34,4470882,2223242,2247640
1-Dec-95,35,4788937,2385538,2403399
1-Dec-95,36,4471680,2209491,2262189
1-Dec-95,37,4449896,2198686,2251210
1-Dec-95,38,4363888,2156874,2207014
1-Dec-95,39,4435758,2189445,2246313
1-Dec-95,40,4411989,2186783,2225206
1-Dec-95,41,4152460,2043001,2109459
1-Dec-95,42,4021692,1978190,2043502
1-Dec-95,43,4006223,1965562,2040661
1-Dec-95,44,3753268,1847848,1905420
1-Dec-95,45,3882968,1916744,1966224
1-Dec-95,46,3580010,1752595,1827415
1-Dec-95,47,3611034,1767809,1843225
1-Dec-95,48,3719580,1824401,1895179
1-Dec-95,49,3279938,1608031,1671907
1-Dec-95,50,2939363,1439673,1499690
1-Dec-95,51,2801223,1364985,1436238
1-Dec-95,52,2948078,1438260,1509818
1-Dec-95,53,2824237,1374603,1449634
1-Dec-95,54,2524650,1224697,1299953
1-Dec-95,55,2423879,1174442,1249437
1-Dec-95,56,2308250,1112720,1195530
1-Dec-95,57,2302691,1106766,1195925
1-Dec-95,58,2148222,1030907,1117315
1-Dec-95,59,2121011,1014896,1106115
1-Dec-95,60,2143498,1018483,1125015
1-Dec-95,61,2022695,962691,1060004
1-Dec-95,62,1932865,914009,1018856
1-Dec-95,63,1982394,932006,1050388
1-Dec-95,64,2036280,948192,1088088
1-Dec-95,65,2074354,961947,1112407
1-Dec-95,66,2020584,932560,1088024
1-Dec-95,67,2033605,928195,1105410
1-Dec-95,68,1965419,888857,1076562
1-Dec-95,69,1891472,840155,1051317
1-Dec-95,70,1879874,824590,1055284
1-Dec-95,71,1826092,800209,1025883
1-Dec-95,72,1758177,765113,993064
1-Dec-95,73,1719342,740664,978678
1-Dec-95,74,1706227,726319,979908
1-Dec-95,75,1579254,661944,917310
1-Dec-95,76,1434268,590758,843510
1-Dec-95,77,1341088,541662,799426
1-Dec-95,78,1255912,495553,760359
1-Dec-95,79,1179889,457214,722675
1-Dec-95,80,1110084,418500,691584
1-Dec-95,81,999958,367318,632640
1-Dec-95,82,913832,327223,586609
1-Dec-95,83,822301,283232,539069
1-Dec-95,84,721418,241095,480323
1-Dec-95,85,633974,202317,431657
1-Dec-95,86,555168,173010,382158
1-Dec-95,87,485062,145585,339477
1-Dec-95,88,417592,119783,297809
1-Dec-95,89,349396,96355,253041
1-Dec-95,90,296000,77641,218359
1-Dec-95,91,247647,62115,185532
1-Dec-95,92,193765,46798,146967
1-Dec-95,93,150602,34611,115991
1-Dec-95,94,116917,25960,90957
1-Dec-95,95,90806,19036,71770
1-Dec-95,96,60315,11816,48499
1-Dec-95,97,43582,8088,35494
1-Dec-95,98,31580,5692,25888
1-Dec-95,99,22137,3982,18155
1-Dec-95,100+,44590,8267,36323
Intercensal Estimates of the United States Civilian Population by Age and Sex: 1996,,,,
,,,,
1-Jan-96,All Age,266573306,129895380,136677926
1-Jan-96,0,3763632,1927745,1835887
1-Jan-96,1,3815723,1951071,1864652
1-Jan-96,2,3871447,1982593,1888854
1-Jan-96,3,3969235,2032290,1936945
1-Jan-96,4,4084484,2087244,1997240
1-Jan-96,5,4124122,2112719,2011403
1-Jan-96,6,3999444,2047319,1952125
1-Jan-96,7,3904702,1998218,1906484
1-Jan-96,8,3763574,1926219,1837355
1-Jan-96,9,3843373,1968858,1874515
1-Jan-96,10,3942672,2023029,1919643
1-Jan-96,11,3813891,1952225,1861666
1-Jan-96,12,3816108,1954934,1861174
1-Jan-96,13,3921553,2006671,1914882
1-Jan-96,14,3763266,1930542,1832724
1-Jan-96,15,3983724,2047870,1935854
1-Jan-96,16,3775273,1946601,1828672
1-Jan-96,17,3658674,1890754,1767920
1-Jan-96,18,3626464,1850090,1776374
1-Jan-96,19,3575276,1804711,1770565
1-Jan-96,20,3508756,1767820,1740936
1-Jan-96,21,3456319,1735598,1720721
1-Jan-96,22,3359008,1684425,1674583
1-Jan-96,23,3514384,1761050,1753334
1-Jan-96,24,3762202,1874551,1887651
1-Jan-96,25,4109099,2050999,2058100
1-Jan-96,26,3866651,1925925,1940726
1-Jan-96,27,3845588,1917730,1927858
1-Jan-96,28,3732015,1859278,1872737
1-Jan-96,29,3966978,1971542,1995436
1-Jan-96,30,4233247,2114932,2118315
1-Jan-96,31,4281519,2125663,2155856
1-Jan-96,32,4396149,2185064,2211085
1-Jan-96,33,4487411,2228137,2259274
1-Jan-96,34,4440112,2207946,2232166
1-Jan-96,35,4817288,2400059,2417229
1-Jan-96,36,4468996,2208428,2260568
1-Jan-96,37,4452990,2200015,2252975
1-Jan-96,38,4368222,2159268,2208954
1-Jan-96,39,4440699,2191698,2249001
1-Jan-96,40,4424745,2193710,2231035
1-Jan-96,41,4154458,2044196,2110262
1-Jan-96,42,4036948,1985575,2051373
1-Jan-96,43,4027047,1975890,2051157
1-Jan-96,44,3744302,1843132,1901170
1-Jan-96,45,3910888,1931033,1979855
1-Jan-96,46,3572621,1748731,1823890
1-Jan-96,47,3619766,1771939,1847827
1-Jan-96,48,3674494,1802072,1872422
1-Jan-96,49,3392192,1663604,1728588
1-Jan-96,50,2934567,1437575,1496992
1-Jan-96,51,2806878,1367514,1439364
1-Jan-96,52,2924585,1426555,1498030
1-Jan-96,53,2862740,1393933,1468807
1-Jan-96,54,2530660,1227335,1303325
1-Jan-96,55,2434575,1179843,1254732
1-Jan-96,56,2307596,1112410,1195186
1-Jan-96,57,2306703,1108783,1197920
1-Jan-96,58,2160261,1036876,1123385
1-Jan-96,59,2119027,1014014,1105013
1-Jan-96,60,2140236,1016914,1123322
1-Jan-96,61,2038053,970088,1067965
1-Jan-96,62,1926405,911362,1015043
1-Jan-96,63,1982248,932165,1050083
1-Jan-96,64,2026208,943466,1082742
1-Jan-96,65,2073696,961111,1112585
1-Jan-96,66,2021245,933829,1087416
1-Jan-96,67,2027166,925233,1101933
1-Jan-96,68,1971251,892388,1078863
1-Jan-96,69,1891229,840254,1050975
1-Jan-96,70,1875016,822503,1052513
1-Jan-96,71,1827470,800846,1026624
1-Jan-96,72,1759468,765823,993645
1-Jan-96,73,1713987,738273,975714
1-Jan-96,74,1708984,727388,981596
1-Jan-96,75,1588322,666382,921940
1-Jan-96,76,1435389,591310,844079
1-Jan-96,77,1343939,543192,800747
1-Jan-96,78,1256425,495579,760846
1-Jan-96,79,1179982,457486,722496
1-Jan-96,80,1110377,418896,691481
1-Jan-96,81,1002396,368518,633878
1-Jan-96,82,913800,327463,586337
1-Jan-96,83,825694,284268,541426
1-Jan-96,84,721370,241591,479779
1-Jan-96,85,635083,202520,432563
1-Jan-96,86,555937,173324,382613
1-Jan-96,87,485338,145754,339584
1-Jan-96,88,419294,120294,299000
1-Jan-96,89,349522,96485,253037
1-Jan-96,90,294898,77356,217542
1-Jan-96,91,248704,62360,186344
1-Jan-96,92,193993,46869,147124
1-Jan-96,93,151507,34768,116739
1-Jan-96,94,115550,25692,89858
1-Jan-96,95,91704,19222,72482
1-Jan-96,96,60504,11877,48627
1-Jan-96,97,43527,8069,35458
1-Jan-96,98,31461,5671,25790
1-Jan-96,99,22033,3963,18070
1-Jan-96,100+,44572,8277,36295
,,,,
1-Feb-96,All Age,266788401,130008450,136779951
1-Feb-96,0,3762303,1927326,1834977
1-Feb-96,1,3811528,1949073,1862455
1-Feb-96,2,3869640,1981023,1888617
1-Feb-96,3,3958959,2027281,1931678
1-Feb-96,4,4084069,2087671,1996398
1-Feb-96,5,4128770,2114540,2014230
1-Feb-96,6,4015596,2055590,1960006
1-Feb-96,7,3912001,2002040,1909961
1-Feb-96,8,3769645,1929167,1840478
1-Feb-96,9,3846388,1970451,1875937
1-Feb-96,10,3939321,2021209,1918112
1-Feb-96,11,3828566,1959783,1868783
1-Feb-96,12,3811547,1952495,1859052
1-Feb-96,13,3910279,2001147,1909132
1-Feb-96,14,3802408,1950569,1851839
1-Feb-96,15,3957650,2034361,1923289
1-Feb-96,16,3788494,1953074,1835420
1-Feb-96,17,3675428,1899620,1775808
1-Feb-96,18,3630020,1852581,1777439
1-Feb-96,19,3588336,1811457,1776879
1-Feb-96,20,3508584,1767434,1741150
1-Feb-96,21,3458768,1737122,1721646
1-Feb-96,22,3356831,1683336,1673495
1-Feb-96,23,3495656,1750606,1745050
1-Feb-96,24,3753769,1871902,1881867
1-Feb-96,25,4097474,2045331,2052143
1-Feb-96,26,3879113,1931835,1947278
1-Feb-96,27,3863242,1926502,1936740
1-Feb-96,28,3725918,1856265,1869653
1-Feb-96,29,3974979,1976109,1998870
1-Feb-96,30,4204089,2099879,2104210
1-Feb-96,31,4271957,2121231,2150726
1-Feb-96,32,4393234,2184222,2209012
1-Feb-96,33,4463298,2215596,2247702
1-Feb-96,34,4492114,2235007,2257107
1-Feb-96,35,4768013,2374415,2393598
1-Feb-96,36,4483882,2216651,2267231
1-Feb-96,37,4463318,2205251,2258067
1-Feb-96,38,4367343,2158317,2209026
1-Feb-96,39,4461787,2203977,2257810
1-Feb-96,40,4417651,2188410,2229241
1-Feb-96,41,4154712,2044934,2109778
1-Feb-96,42,4057207,1996075,2061132
1-Feb-96,43,4016397,1970285,2046112
1-Feb-96,44,3808563,1875858,1932705
1-Feb-96,45,3859424,1903818,1955606
1-Feb-96,46,3592577,1759400,1833177
1-Feb-96,47,3625311,1774805,1850506
1-Feb-96,48,3630242,1779540,1850702
1-Feb-96,49,3523304,1729454,1793850
1-Feb-96,50,2902605,1420635,1481970
1-Feb-96,51,2814194,1371534,1442660
1-Feb-96,52,2907847,1418153,1489694
1-Feb-96,53,2883683,1404291,1479392
1-Feb-96,54,2563161,1243855,1319306
1-Feb-96,55,2434846,1179552,1255294
1-Feb-96,56,2308786,1113194,1195592
1-Feb-96,57,2310800,1110798,1200002
1-Feb-96,58,2171125,1042188,1128937
1-Feb-96,59,2123050,1016030,1107020
1-Feb-96,60,2132610,1013250,1119360
1-Feb-96,61,2050705,976308,1074397
1-Feb-96,62,1926150,911518,1014632
1-Feb-96,63,1977511,930218,1047293
1-Feb-96,64,2023353,942282,1081071
1-Feb-96,65,2065139,956338,1108801
1-Feb-96,66,2022447,935414,1087033
1-Feb-96,67,2025548,924575,1100973
1-Feb-96,68,1971901,893537,1078364
1-Feb-96,69,1893163,841160,1052003
1-Feb-96,70,1869253,820101,1049152
1-Feb-96,71,1828824,801584,1027240
1-Feb-96,72,1759190,765716,993474
1-Feb-96,73,1708894,735921,972973
1-Feb-96,74,1711462,728393,983069
1-Feb-96,75,1595652,670007,925645
1-Feb-96,76,1437357,592242,845115
1-Feb-96,77,1346325,544571,801754
1-Feb-96,78,1256381,495301,761080
1-Feb-96,79,1182068,458563,723505
1-Feb-96,80,1108830,418588,690242
1-Feb-96,81,1003642,369318,634324
1-Feb-96,82,914632,328002,586630
1-Feb-96,83,829154,285440,543714
1-Feb-96,84,720612,241732,478880
1-Feb-96,85,635414,202613,432801
1-Feb-96,86,557278,173858,383420
1-Feb-96,87,485979,146039,339940
1-Feb-96,88,420103,120562,299541
1-Feb-96,89,349847,96647,253200
1-Feb-96,90,293629,77070,216559
1-Feb-96,91,249741,62624,187117
1-Feb-96,92,194330,46982,147348
1-Feb-96,93,152183,34905,117278
1-Feb-96,94,114865,25573,89292
1-Feb-96,95,91906,19281,72625
1-Feb-96,96,61088,12021,49067
1-Feb-96,97,43545,8079,35466
1-Feb-96,98,31369,5645,25724
1-Feb-96,99,21969,3952,18017
1-Feb-96,100+,44550,8265,36285
,,,,
1-Mar-96,All Age,267023299,130131532,136891767
1-Mar-96,0,3768502,1930946,1837556
1-Mar-96,1,3806074,1946183,1859891
1-Mar-96,2,3867045,1979231,1887814
1-Mar-96,3,3948993,2022407,1926586
1-Mar-96,4,4091282,2091730,1999552
1-Mar-96,5,4129980,2114916,2015064
1-Mar-96,6,4029140,2062554,1966586
1-Mar-96,7,3911238,2001748,1909490
1-Mar-96,8,3785534,1937185,1848349
1-Mar-96,9,3851380,1973076,1878304
1-Mar-96,10,3935774,2019305,1916469
1-Mar-96,11,3830585,1960888,1869697
1-Mar-96,12,3817744,1955603,1862141
1-Mar-96,13,3900160,1996230,1903930
1-Mar-96,14,3839802,1969728,1870074
1-Mar-96,15,3923588,2016770,1906818
1-Mar-96,16,3814247,1966043,1848204
1-Mar-96,17,3689349,1907017,1782332
1-Mar-96,18,3630758,1853608,1777150
1-Mar-96,19,3597146,1815955,1781191
1-Mar-96,20,3516095,1770928,1745167
1-Mar-96,21,3461126,1738611,1722515
1-Mar-96,22,3358387,1684037,1674350
1-Mar-96,23,3466409,1735198,1731211
1-Mar-96,24,3758192,1875065,1883127
1-Mar-96,25,4079804,2036690,2043114
1-Mar-96,26,3894404,1939173,1955231
1-Mar-96,27,3868270,1928924,1939346
1-Mar-96,28,3733387,1860070,1873317
1-Mar-96,29,3978191,1978314,1999877
1-Mar-96,30,4181050,2088023,2093027
1-Mar-96,31,4250372,2110787,2139585
1-Mar-96,32,4406328,2191377,2214951
1-Mar-96,33,4438561,2202876,2235685
1-Mar-96,34,4539736,2259872,2279864
1-Mar-96,35,4711927,2345428,2366499
1-Mar-96,36,4509730,2230280,2279450
1-Mar-96,37,4471204,2209172,2262032
1-Mar-96,38,4371419,2160020,2211399
1-Mar-96,39,4466838,2208311,2258527
1-Mar-96,40,4420748,2188311,2232437
1-Mar-96,41,4162442,2049397,2113045
1-Mar-96,42,4073850,2004845,2069005
1-Mar-96,43,3991662,1957926,2033736
1-Mar-96,44,3880276,1912173,1968103
1-Mar-96,45,3815898,1880805,1935093
1-Mar-96,46,3612424,1769960,1842464
1-Mar-96,47,3614229,1769568,1844661
1-Mar-96,48,3614928,1771293,1843635
1-Mar-96,49,3630742,1783571,1847171
1-Mar-96,50,2878064,1407478,1470586
1-Mar-96,51,2811656,1370719,1440937
1-Mar-96,52,2902889,1415553,1487336
1-Mar-96,53,2897388,1411096,1486292
1-Mar-96,54,2598638,1261767,1336871
1-Mar-96,55,2428702,1176204,1252498
1-Mar-96,56,2316605,1117179,1199426
1-Mar-96,57,2314628,1112680,1201948
1-Mar-96,58,2181142,1047096,1134046
1-Mar-96,59,2121057,1015161,1105896
1-Mar-96,60,2131726,1012805,1118921
1-Mar-96,61,2062340,982032,1080308
1-Mar-96,62,1926128,911776,1014352
1-Mar-96,63,1967895,925967,1041928
1-Mar-96,64,2026570,943926,1082644
1-Mar-96,65,2057635,952136,1105499
1-Mar-96,66,2023749,936948,1086801
1-Mar-96,67,2018721,921563,1097158
1-Mar-96,68,1978158,897169,1080989
1-Mar-96,69,1895148,842092,1053056
1-Mar-96,70,1864304,818047,1046257
1-Mar-96,71,1825372,800223,1025149
1-Mar-96,72,1764115,767880,996235
1-Mar-96,73,1704608,733943,970665
1-Mar-96,74,1713946,729410,984536
1-Mar-96,75,1598352,671657,926695
1-Mar-96,76,1443542,594914,848628
1-Mar-96,77,1348734,545917,802817
1-Mar-96,78,1256612,495158,761454
1-Mar-96,79,1181087,458430,722657
1-Mar-96,80,1110848,419606,691242
1-Mar-96,81,1005017,370115,634902
1-Mar-96,82,915630,328565,587065
1-Mar-96,83,830376,285833,544543
1-Mar-96,84,722227,242621,479606
1-Mar-96,85,635931,202747,433184
1-Mar-96,86,558658,174373,384285
1-Mar-96,87,485482,145966,339516
1-Mar-96,88,422208,121185,301023
1-Mar-96,89,350264,96805,253459
1-Mar-96,90,292621,76833,215788
1-Mar-96,91,250124,62712,187412
1-Mar-96,92,195297,47237,148060
1-Mar-96,93,152820,35025,117795
1-Mar-96,94,114296,25462,88834
1-Mar-96,95,92100,19330,72770
1-Mar-96,96,61608,12142,49466
1-Mar-96,97,43565,8081,35484
1-Mar-96,98,31285,5622,25663
1-Mar-96,99,21867,3933,17934
1-Mar-96,100+,44614,8285,36329
,,,,
1-Apr-96,All Age,267287697,130269463,137018234
1-Apr-96,0,3761856,1927229,1834627
1-Apr-96,1,3795933,1941175,1854758
1-Apr-96,2,3865461,1978455,1887006
1-Apr-96,3,3952344,2024229,1928115
1-Apr-96,4,4087755,2089716,1998039
1-Apr-96,5,4128842,2114670,2014172
1-Apr-96,6,4041199,2068767,1972432
1-Apr-96,7,3926068,2009459,1916609
1-Apr-96,8,3791065,1939893,1851172
1-Apr-96,9,3861041,1978107,1882934
1-Apr-96,10,3932216,2017382,1914834
1-Apr-96,11,3840197,1965884,1874313
1-Apr-96,12,3811906,1952529,1859377
1-Apr-96,13,3894294,1993516,1900778
1-Apr-96,14,3881197,1990952,1890245
1-Apr-96,15,3899051,2004060,1894991
1-Apr-96,16,3829185,1973415,1855770
1-Apr-96,17,3704833,1915317,1789516
1-Apr-96,18,3633208,1856142,1777066
1-Apr-96,19,3622368,1829574,1792794
1-Apr-96,20,3516340,1771249,1745091
1-Apr-96,21,3466635,1741901,1724734
1-Apr-96,22,3353253,1681344,1671909
1-Apr-96,23,3454222,1727947,1726275
1-Apr-96,24,3751470,1873134,1878336
1-Apr-96,25,4058466,2026051,2032415
1-Apr-96,26,3909799,1946493,1963306
1-Apr-96,27,3883993,1936495,1947498
1-Apr-96,28,3728525,1857634,1870891
1-Apr-96,29,3980889,1980194,2000695
1-Apr-96,30,4157684,2075859,2081825
1-Apr-96,31,4246421,2109243,2137178
1-Apr-96,32,4402770,2190146,2212624
1-Apr-96,33,4408629,2187486,2221143
1-Apr-96,34,4592796,2287357,2305439
1-Apr-96,35,4665017,2320867,2344150
1-Apr-96,36,4520656,2236583,2284073
1-Apr-96,37,4487859,2217449,2270410
1-Apr-96,38,4371620,2159624,2211996
1-Apr-96,39,4484127,2218601,2265526
1-Apr-96,40,4416421,2184320,2232101
1-Apr-96,41,4175248,2056297,2118951
1-Apr-96,42,4093391,2014984,2078407
1-Apr-96,43,3967718,1945786,2021932
1-Apr-96,44,3942124,1943710,1998414
1-Apr-96,45,3777009,1859820,1917189
1-Apr-96,46,3628239,1778573,1849666
1-Apr-96,47,3615767,1770502,1845265
1-Apr-96,48,3590613,1758606,1832007
1-Apr-96,49,3741097,1839194,1901903
1-Apr-96,50,2857933,1396377,1461556
1-Apr-96,51,2821122,1375810,1445312
1-Apr-96,52,2885105,1406692,1478413
1-Apr-96,53,2909456,1417045,1492411
1-Apr-96,54,2633954,1279740,1354214
1-Apr-96,55,2429332,1176106,1253226
1-Apr-96,56,2318112,1118136,1199976
1-Apr-96,57,2318983,1114823,1204160
1-Apr-96,58,2192307,1052569,1139738
1-Apr-96,59,2125414,1017349,1108065
1-Apr-96,60,2124438,1009314,1115124
1-Apr-96,61,2075362,988449,1086913
1-Apr-96,62,1926279,912165,1014114
1-Apr-96,63,1963538,924223,1039315
1-Apr-96,64,2024148,942964,1081184
1-Apr-96,65,2049586,947630,1101956
1-Apr-96,66,2025435,938778,1086657
1-Apr-96,67,2017617,921198,1096419
1-Apr-96,68,1979314,898574,1080740
1-Apr-96,69,1897639,843279,1054360
1-Apr-96,70,1859103,815917,1043186
1-Apr-96,71,1827340,801270,1026070
1-Apr-96,72,1764408,768065,996343
1-Apr-96,73,1700208,731937,968271
1-Apr-96,74,1717056,730719,986337
1-Apr-96,75,1606282,675563,930719
1-Apr-96,76,1446156,596155,850001
1-Apr-96,77,1351744,547572,804172
1-Apr-96,78,1257254,495190,762064
1-Apr-96,79,1183800,459759,724041
1-Apr-96,80,1109988,419569,690419
1-Apr-96,81,1006892,371149,635743
1-Apr-96,82,917096,329339,587757
1-Apr-96,83,834340,287147,547193
1-Apr-96,84,722029,242930,479099
1-Apr-96,85,636784,202997,433787
1-Apr-96,86,560430,175017,385413
1-Apr-96,87,486561,146369,340192
1-Apr-96,88,423360,121529,301831
1-Apr-96,89,350906,97030,253876
1-Apr-96,90,291704,76615,215089
1-Apr-96,91,251345,62999,188346
1-Apr-96,92,195809,47375,148434
1-Apr-96,93,153594,35168,118426
1-Apr-96,94,113751,25353,88398
1-Apr-96,95,92358,19386,72972
1-Apr-96,96,62198,12276,49922
1-Apr-96,97,43605,8082,35523
1-Apr-96,98,31226,5611,25615
1-Apr-96,99,21811,3920,17891
1-Apr-96,100+,44668,8314,36354
,,,,
1-May-96,All Age,267550826,130407282,137143544
1-May-96,0,3765701,1929281,1836420
1-May-96,1,3788532,1937311,1851221
1-May-96,2,3856677,1974008,1882669
1-May-96,3,3946849,2021415,1925434
1-May-96,4,4086871,2089236,1997635
1-May-96,5,4129538,2115336,2014202
1-May-96,6,4059671,2078029,1981642
1-May-96,7,3937240,2015161,1922079
1-May-96,8,3793766,1941407,1852359
1-May-96,9,3864922,1980041,1884881
1-May-96,10,3934247,2018229,1916018
1-May-96,11,3858770,1975643,1883127
1-May-96,12,3804791,1948747,1856044
1-May-96,13,3898107,1995625,1902482
1-May-96,14,3891509,1996063,1895446
1-May-96,15,3887942,1998383,1889559
1-May-96,16,3856508,1987486,1869022
1-May-96,17,3721340,1923952,1797388
1-May-96,18,3628459,1854641,1773818
1-May-96,19,3642749,1839992,1802757
1-May-96,20,3510839,1768555,1742284
1-May-96,21,3473263,1745269,1727994
1-May-96,22,3354055,1681629,1672426
1-May-96,23,3449804,1726042,1723762
1-May-96,24,3726108,1861230,1864878
1-May-96,25,4057134,2025025,2032109
1-May-96,26,3922864,1953124,1969740
1-May-96,27,3895984,1942865,1953119
1-May-96,28,3736893,1862042,1874851
1-May-96,29,3963666,1972064,1991602
1-May-96,30,4153084,2073392,2079692
1-May-96,31,4234523,2103956,2130567
1-May-96,32,4394112,2185421,2208691
1-May-96,33,4405168,2186015,2219153
1-May-96,34,4593288,2287706,2305582
1-May-96,35,4658256,2317513,2340743
1-May-96,36,4535453,2244042,2291411
1-May-96,37,4489184,2218180,2271004
1-May-96,38,4370276,2158874,2211402
1-May-96,39,4507434,2230203,2277231
1-May-96,40,4414316,2183144,2231172
1-May-96,41,4187130,2062693,2124437
1-May-96,42,4112788,2024661,2088127
1-May-96,43,3962286,1943057,2019229
1-May-96,44,3945225,1945111,2000114
1-May-96,45,3799450,1870800,1928650
1-May-96,46,3633487,1781619,1851868
1-May-96,47,3604232,1764678,1839554
1-May-96,48,3579630,1753031,1826599
1-May-96,49,3813724,1874772,1938952
1-May-96,50,2860565,1398093,1462472
1-May-96,51,2830112,1380367,1449745
1-May-96,52,2863269,1395861,1467408
1-May-96,53,2932837,1428349,1504488
1-May-96,54,2636229,1281051,1355178
1-May-96,55,2441390,1182134,1259256
1-May-96,56,2326913,1122518,1204395
1-May-96,57,2317015,1113892,1203123
1-May-96,58,2199139,1055883,1143256
1-May-96,59,2130679,1019967,1110712
1-May-96,60,2124691,1009640,1115051
1-May-96,61,2077116,989137,1087979
1-May-96,62,1934434,916260,1018174
1-May-96,63,1963042,924344,1038698
1-May-96,64,2012235,937384,1074851
1-May-96,65,2047720,947126,1100594
1-May-96,66,2027029,938970,1088059
1-May-96,67,2014476,920616,1093860
1-May-96,68,1976857,897658,1079199
1-May-96,69,1900682,845685,1054997
1-May-96,70,1859286,816035,1043251
1-May-96,71,1825375,800392,1024983
1-May-96,72,1765998,768786,997212
1-May-96,73,1700733,732477,968256
1-May-96,74,1712981,728901,984080
1-May-96,75,1613511,678622,934889
1-May-96,76,1452338,599203,853135
1-May-96,77,1353519,548548,804971
1-May-96,78,1260401,496873,763528
1-May-96,79,1183438,459555,723883
1-May-96,80,1110716,420144,690572
1-May-96,81,1008658,372073,636585
1-May-96,82,919027,330523,588504
1-May-96,83,835191,287641,547550
1-May-96,84,725256,244113,481143
1-May-96,85,638685,204076,434609
1-May-96,86,561430,175215,386215
1-May-96,87,487479,146807,340672
1-May-96,88,424132,121875,302257
1-May-96,89,352823,97676,255147
1-May-96,90,292246,76841,215405
1-May-96,91,251067,62965,188102
1-May-96,92,196973,47693,149280
1-May-96,93,154296,35341,118955
1-May-96,94,114043,25432,88611
1-May-96,95,92055,19346,72709
1-May-96,96,63218,12503,50715
1-May-96,97,43774,8130,35644
1-May-96,98,31252,5607,25645
1-May-96,99,21808,3921,17887
1-May-96,100+,44842,8334,36508
,,,,
1-Jun-96,All Age,267834785,130553741,137281044
1-Jun-96,0,3756840,1924148,1832692
1-Jun-96,1,3793214,1939809,1853405
1-Jun-96,2,3851836,1971369,1880467
1-Jun-96,3,3939647,2018453,1921194
1-Jun-96,4,4079269,2085716,1993553
1-Jun-96,5,4129997,2115439,2014558
1-Jun-96,6,4078493,2087487,1991006
1-Jun-96,7,3949168,2021257,1927911
1-Jun-96,8,3801214,1945357,1855857
1-Jun-96,9,3868909,1982020,1886889
1-Jun-96,10,3932090,2016906,1915184
1-Jun-96,11,3879745,1986633,1893112
1-Jun-96,12,3802184,1947265,1854919
1-Jun-96,13,3896146,1994785,1901361
1-Jun-96,14,3906258,2003430,1902828
1-Jun-96,15,3880755,1994713,1886042
1-Jun-96,16,3874241,1996618,1877623
1-Jun-96,17,3737274,1932248,1805026
1-Jun-96,18,3628271,1855563,1772708
1-Jun-96,19,3668336,1853097,1815239
1-Jun-96,20,3503132,1764790,1738342
1-Jun-96,21,3479543,1748407,1731136
1-Jun-96,22,3357989,1683257,1674732
1-Jun-96,23,3437034,1720087,1716947
1-Jun-96,24,3718376,1857978,1860398
1-Jun-96,25,4041951,2017143,2024808
1-Jun-96,26,3941818,1962678,1979140
1-Jun-96,27,3899041,1944874,1954167
1-Jun-96,28,3740154,1863867,1876287
1-Jun-96,29,3962092,1971888,1990204
1-Jun-96,30,4139897,2066620,2073277
1-Jun-96,31,4222775,2098693,2124082
1-Jun-96,32,4387949,2181910,2206039
1-Jun-96,33,4405772,2186431,2219341
1-Jun-96,34,4594193,2288270,2305923
1-Jun-96,35,4652907,2314806,2338101
1-Jun-96,36,4549927,2251370,2298557
1-Jun-96,37,4480086,2213679,2266407
1-Jun-96,38,4371788,2159501,2212287
1-Jun-96,39,4538195,2245391,2292804
1-Jun-96,40,4401285,2176610,2224675
1-Jun-96,41,4202521,2070796,2131725
1-Jun-96,42,4125064,2030842,2094222
1-Jun-96,43,3969562,1946560,2023002
1-Jun-96,44,3939684,1942240,1997444
1-Jun-96,45,3820951,1881350,1939601
1-Jun-96,46,3645992,1788245,1857747
1-Jun-96,47,3609378,1767010,1842368
1-Jun-96,48,3552431,1739488,1812943
1-Jun-96,49,3884685,1909501,1975184
1-Jun-96,50,2869294,1402838,1466456
1-Jun-96,51,2837309,1384068,1453241
1-Jun-96,52,2849614,1389032,1460582
1-Jun-96,53,2953144,1438109,1515035
1-Jun-96,54,2635492,1280956,1354536
1-Jun-96,55,2453970,1188414,1265556
1-Jun-96,56,2336127,1127127,1209000
1-Jun-96,57,2315114,1112992,1202122
1-Jun-96,58,2206327,1059379,1146948
1-Jun-96,59,2136238,1022729,1113509
1-Jun-96,60,2125117,1010055,1115062
1-Jun-96,61,2079089,989924,1089165
1-Jun-96,62,1942972,920551,1022421
1-Jun-96,63,1962704,924561,1038143
1-Jun-96,64,2000142,931709,1068433
1-Jun-96,65,2046004,946702,1099302
1-Jun-96,66,2028892,939287,1089605
1-Jun-96,67,2011479,920122,1091357
1-Jun-96,68,1974601,896847,1077754
1-Jun-96,69,1904074,848279,1055795
1-Jun-96,70,1859705,816259,1043446
1-Jun-96,71,1823640,799620,1024020
1-Jun-96,72,1767913,769650,998263
1-Jun-96,73,1701576,733164,968412
1-Jun-96,74,1709082,727160,981922
1-Jun-96,75,1621288,681906,939382
1-Jun-96,76,1459034,602477,856557
1-Jun-96,77,1355679,549668,806011
1-Jun-96,78,1263976,498734,765242
1-Jun-96,79,1183427,459478,723949
1-Jun-96,80,1111810,420851,690959
1-Jun-96,81,1010811,373126,637685
1-Jun-96,82,921359,331840,589519
1-Jun-96,83,836375,288227,548148
1-Jun-96,84,728872,245401,483471
1-Jun-96,85,640929,205250,435679
1-Jun-96,86,562724,175471,387253
1-Jun-96,87,488684,147315,341369
1-Jun-96,88,425157,122273,302884
1-Jun-96,89,354971,98358,256613
1-Jun-96,90,292989,77098,215891
1-Jun-96,91,250936,62943,187993
1-Jun-96,92,198285,48034,150251
1-Jun-96,93,155113,35518,119595
1-Jun-96,94,114403,25513,88890
1-Jun-96,95,91814,19312,72502
1-Jun-96,96,64272,12725,51547
1-Jun-96,97,43978,8181,35797
1-Jun-96,98,31313,5609,25704
1-Jun-96,99,21819,3923,17896
1-Jun-96,100+,45089,8381,36708
,,,,
1-Jul-96,All Age,268108316,130688648,137419668
1-Jul-96,0,3744999,1917647,1827352
1-Jul-96,1,3793945,1940184,1853761
1-Jul-96,2,3847031,1969349,1877682
1-Jul-96,3,3936378,2016772,1919606
1-Jul-96,4,4085919,2089071,1996848
1-Jul-96,5,4118615,2109032,2009583
1-Jul-96,6,4087823,2092980,1994843
1-Jul-96,7,3961111,2027371,1933740
1-Jul-96,8,3810244,1950129,1860115
1-Jul-96,9,3882737,1989042,1893695
1-Jul-96,10,3930865,2016071,1914794
1-Jul-96,11,3891750,1993030,1898720
1-Jul-96,12,3798286,1945127,1853159
1-Jul-96,13,3893189,1993446,1899743
1-Jul-96,14,3921019,2010810,1910209
1-Jul-96,15,3876042,1992332,1883710
1-Jul-96,16,3896547,2008121,1888426
1-Jul-96,17,3747085,1937180,1809905
1-Jul-96,18,3624112,1852403,1771709
1-Jul-96,19,3686877,1862527,1824350
1-Jul-96,20,3507780,1767314,1740466
1-Jul-96,21,3487297,1752475,1734822
1-Jul-96,22,3355915,1682093,1673822
1-Jul-96,23,3434057,1718760,1715297
1-Jul-96,24,3698470,1848465,1850005
1-Jul-96,25,4020236,2005509,2014727
1-Jul-96,26,3962538,1972779,1989759
1-Jul-96,27,3905172,1947990,1957182
1-Jul-96,28,3742296,1864994,1877302
1-Jul-96,29,3960193,1971167,1989026
1-Jul-96,30,4124269,2058471,2065798
1-Jul-96,31,4205973,2090796,2115177
1-Jul-96,32,4389386,2181849,2207537
1-Jul-96,33,4411509,2189349,2222160
1-Jul-96,34,4587658,2285027,2302631
1-Jul-96,35,4647209,2311779,2335430
1-Jul-96,36,4557951,2255382,2302569
1-Jul-96,37,4480924,2213830,2267094
1-Jul-96,38,4365337,2156180,2209157
1-Jul-96,39,4552291,2252353,2299938
1-Jul-96,40,4409489,2180434,2229055
1-Jul-96,41,4207941,2073943,2133998
1-Jul-96,42,4131486,2034128,2097358
1-Jul-96,43,3980071,1951637,2028434
1-Jul-96,44,3952085,1948186,2003899
1-Jul-96,45,3816340,1878942,1937398
1-Jul-96,46,3673972,1802525,1871447
1-Jul-96,47,3623312,1773579,1849733
1-Jul-96,48,3521967,1724370,1797597
1-Jul-96,49,3945056,1938989,2006067
1-Jul-96,50,2884811,1410924,1473887
1-Jul-96,51,2838680,1384971,1453709
1-Jul-96,52,2841288,1384798,1456490
1-Jul-96,53,2972845,1447579,1525266
1-Jul-96,54,2646028,1286375,1359653
1-Jul-96,55,2466215,1194517,1271698
1-Jul-96,56,2345122,1131631,1213491
1-Jul-96,57,2313359,1112166,1201193
1-Jul-96,58,2213373,1062807,1150566
1-Jul-96,59,2141705,1025447,1116258
1-Jul-96,60,2125611,1010521,1115090
1-Jul-96,61,2081097,990732,1090365
1-Jul-96,62,1951318,924749,1026569
1-Jul-96,63,1962469,924827,1037642
1-Jul-96,64,1988592,926295,1062297
1-Jul-96,65,2044450,946339,1098111
1-Jul-96,66,2030826,939672,1091154
1-Jul-96,67,2008723,919714,1089009
1-Jul-96,68,1972603,896166,1076437
1-Jul-96,69,1907485,850841,1056644
1-Jul-96,70,1860250,816555,1043695
1-Jul-96,71,1822144,798976,1023168
1-Jul-96,72,1769906,770543,999363
1-Jul-96,73,1702570,733921,968649
1-Jul-96,74,1705531,725568,979963
1-Jul-96,75,1628948,685146,943802
1-Jul-96,76,1465646,605707,859939
1-Jul-96,77,1357929,550814,807115
1-Jul-96,78,1267591,500592,766999
1-Jul-96,79,1183574,459464,724110
1-Jul-96,80,1113040,421600,691440
1-Jul-96,81,1013050,374193,638857
1-Jul-96,82,923749,333154,590595
1-Jul-96,83,837680,288834,548846
1-Jul-96,84,732462,246660,485802
1-Jul-96,85,643191,206393,436798
1-Jul-96,86,564081,175744,388337
1-Jul-96,87,489933,147810,342123
1-Jul-96,88,426230,122674,303556
1-Jul-96,89,357081,99014,258067
1-Jul-96,90,293758,77343,216415
1-Jul-96,91,250873,62928,187945
1-Jul-96,92,199535,48346,151189
1-Jul-96,93,155912,35680,120232
1-Jul-96,94,114745,25583,89162
1-Jul-96,95,91611,19285,72326
1-Jul-96,96,65244,12925,52319
1-Jul-96,97,44162,8225,35937
1-Jul-96,98,31357,5602,25755
1-Jul-96,99,21838,3931,17907
1-Jul-96,100+,45341,8448,36893
,,,,
1-Aug-96,All Age,268413755,130842656,137571099
1-Aug-96,0,3750146,1920823,1829323
1-Aug-96,1,3789777,1937388,1852389
1-Aug-96,2,3841252,1966316,1874936
1-Aug-96,3,3930981,2014312,1916669
1-Aug-96,4,4083704,2088422,1995282
1-Aug-96,5,4115414,2106780,2008634
1-Aug-96,6,4102338,2100642,2001696
1-Aug-96,7,3972351,2033132,1939219
1-Aug-96,8,3820201,1955372,1864829
1-Aug-96,9,3885747,1990548,1895199
1-Aug-96,10,3931287,2016079,1915208
1-Aug-96,11,3902857,1998989,1903868
1-Aug-96,12,3806617,1949231,1857386
1-Aug-96,13,3883664,1988724,1894940
1-Aug-96,14,3928976,2014742,1914234
1-Aug-96,15,3869192,1988800,1880392
1-Aug-96,16,3919768,2020117,1899651
1-Aug-96,17,3762280,1944836,1817444
1-Aug-96,18,3624577,1851178,1773399
1-Aug-96,19,3702053,1869979,1832074
1-Aug-96,20,3508428,1767998,1740430
1-Aug-96,21,3490797,1754681,1736116
1-Aug-96,22,3362708,1685725,1676983
1-Aug-96,23,3434422,1719324,1715098
1-Aug-96,24,3678983,1839476,1839507
1-Aug-96,25,3991401,1990749,2000652
1-Aug-96,26,3983864,1983082,2000782
1-Aug-96,27,3916628,1953639,1962989
1-Aug-96,28,3746862,1867438,1879424
1-Aug-96,29,3959674,1971275,1988399
1-Aug-96,30,4101848,2047067,2054781
1-Aug-96,31,4188706,2082748,2105958
1-Aug-96,32,4388285,2180812,2207473
1-Aug-96,33,4410302,2188735,2221567
1-Aug-96,34,4586550,2284632,2301918
1-Aug-96,35,4628755,2302557,2326198
1-Aug-96,36,4578797,2265834,2312963
1-Aug-96,37,4490239,2218387,2271852
1-Aug-96,38,4349423,2148322,2201101
1-Aug-96,39,4563375,2257882,2305493
1-Aug-96,40,4423739,2187472,2236267
1-Aug-96,41,4211677,2076306,2135371
1-Aug-96,42,4137735,2037545,2100190
1-Aug-96,43,3988012,1955371,2032641
1-Aug-96,44,3978523,1961288,2017235
1-Aug-96,45,3810490,1875855,1934635
1-Aug-96,46,3691920,1811955,1879965
1-Aug-96,47,3629020,1776144,1852876
1-Aug-96,48,3514730,1720607,1794123
1-Aug-96,49,3978175,1955053,2023122
1-Aug-96,50,2927024,1432182,1494842
1-Aug-96,51,2833531,1382755,1450776
1-Aug-96,52,2837854,1382946,1454908
1-Aug-96,53,2989277,1455465,1533812
1-Aug-96,54,2678915,1303021,1375894
1-Aug-96,55,2467890,1194965,1272925
1-Aug-96,56,2358327,1138362,1219965
1-Aug-96,57,2311227,1111122,1200105
1-Aug-96,58,2219379,1065749,1153630
1-Aug-96,59,2151637,1030317,1121320
1-Aug-96,60,2123717,1009799,1113918
1-Aug-96,61,2080352,990282,1090070
1-Aug-96,62,1965569,931652,1033917
1-Aug-96,63,1956062,922133,1033929
1-Aug-96,64,1986729,925616,1061113
1-Aug-96,65,2034551,941881,1092670
1-Aug-96,66,2033975,940596,1093379
1-Aug-96,67,2008272,920445,1087827
1-Aug-96,68,1966983,893787,1073196
1-Aug-96,69,1913977,854731,1059246
1-Aug-96,70,1860105,816626,1043479
1-Aug-96,71,1818869,797629,1021240
1-Aug-96,72,1772644,771749,1000895
1-Aug-96,73,1704466,735093,969373
1-Aug-96,74,1700866,723445,977421
1-Aug-96,75,1634434,687537,946897
1-Aug-96,76,1474321,609745,864576
1-Aug-96,77,1360004,552017,807987
1-Aug-96,78,1271416,502581,768835
1-Aug-96,79,1184280,459601,724679
1-Aug-96,80,1114573,422565,692008
1-Aug-96,81,1014534,375096,639438
1-Aug-96,82,927102,334753,592349
1-Aug-96,83,838419,289425,548994
1-Aug-96,84,736804,248121,488683
1-Aug-96,85,644788,207473,437315
1-Aug-96,86,566102,176211,389891
1-Aug-96,87,491283,148352,342931
1-Aug-96,88,427409,123148,304261
1-Aug-96,89,359252,99665,259587
1-Aug-96,90,294429,77612,216817
1-Aug-96,91,250622,62885,187737
1-Aug-96,92,201181,48774,152407
1-Aug-96,93,156654,35872,120782
1-Aug-96,94,115799,25800,89999
1-Aug-96,95,90834,19156,71678
1-Aug-96,96,66646,13218,53428
1-Aug-96,97,44433,8299,36134
1-Aug-96,98,31483,5611,25872
1-Aug-96,99,21886,3939,17947
1-Aug-96,100+,45619,8483,37136
,,,,
1-Sep-96,All Age,268727331,131003445,137723886
1-Sep-96,0,3745906,1918486,1827420
1-Sep-96,1,3788982,1937408,1851574
1-Sep-96,2,3843087,1967282,1875805
1-Sep-96,3,3933936,2015426,1918510
1-Sep-96,4,4067446,2080629,1986817
1-Sep-96,5,4111200,2104124,2007076
1-Sep-96,6,4111917,2105661,2006256
1-Sep-96,7,3985595,2039935,1945660
1-Sep-96,8,3842776,1967105,1875671
1-Sep-96,9,3884169,1989725,1894444
1-Sep-96,10,3927738,2014062,1913676
1-Sep-96,11,3907038,2001418,1905620
1-Sep-96,12,3818705,1955263,1863442
1-Sep-96,13,3879635,1986836,1892799
1-Sep-96,14,3933716,2017021,1916695
1-Sep-96,15,3864764,1986534,1878230
1-Sep-96,16,3936927,2029010,1907917
1-Sep-96,17,3776764,1952277,1824487
1-Sep-96,18,3622999,1848146,1774853
1-Sep-96,19,3719866,1878449,1841417
1-Sep-96,20,3513651,1770840,1742811
1-Sep-96,21,3487620,1753685,1733935
1-Sep-96,22,3372044,1691317,1680727
1-Sep-96,23,3431358,1718638,1712720
1-Sep-96,24,3662493,1832246,1830247
1-Sep-96,25,3970185,1979895,1990290
1-Sep-96,26,4003784,1992760,2011024
1-Sep-96,27,3928216,1959702,1968514
1-Sep-96,28,3751153,1869713,1881440
1-Sep-96,29,3951620,1967827,1983793
1-Sep-96,30,4087237,2039565,2047672
1-Sep-96,31,4179501,2078906,2100595
1-Sep-96,32,4375873,2174157,2201716
1-Sep-96,33,4400281,2183982,2216299
1-Sep-96,34,4590715,2286971,2303744
1-Sep-96,35,4602719,2289648,2313071
1-Sep-96,36,4613093,2283067,2330026
1-Sep-96,37,4498326,2222567,2275759
1-Sep-96,38,4339975,2143669,2196306
1-Sep-96,39,4562613,2257708,2304905
1-Sep-96,40,4437750,2194474,2243276
1-Sep-96,41,4224800,2083329,2141471
1-Sep-96,42,4146671,2042396,2104275
1-Sep-96,43,3993019,1957808,2035211
1-Sep-96,44,4004206,1973989,2030217
1-Sep-96,45,3800331,1870744,1929587
1-Sep-96,46,3715676,1824238,1891438
1-Sep-96,47,3626215,1774583,1851632
1-Sep-96,48,3518875,1722510,1796365
1-Sep-96,49,3985983,1958668,2027315
1-Sep-96,50,2994312,1465785,1528527
1-Sep-96,51,2831921,1382287,1449634
1-Sep-96,52,2830851,1379375,1451476
1-Sep-96,53,2997658,1459410,1538248
1-Sep-96,54,2722534,1324906,1397628
1-Sep-96,55,2469617,1195452,1274165
1-Sep-96,56,2371564,1145104,1226460
1-Sep-96,57,2309158,1110117,1199041
1-Sep-96,58,2225436,1068731,1156705
1-Sep-96,59,2161623,1035215,1126408
1-Sep-96,60,2121892,1009117,1112775
1-Sep-96,61,2079708,989901,1089807
1-Sep-96,62,1979864,938583,1041281
1-Sep-96,63,1949760,919496,1030264
1-Sep-96,64,1984936,924972,1059964
1-Sep-96,65,2024782,937494,1087288
1-Sep-96,66,2037215,941576,1095639
1-Sep-96,67,2007927,921238,1086689
1-Sep-96,68,1961513,891498,1070015
1-Sep-96,69,1920557,858660,1061897
1-Sep-96,70,1860081,816767,1043314
1-Sep-96,71,1815742,796374,1019368
1-Sep-96,72,1775487,773012,1002475
1-Sep-96,73,1706498,736349,970149
1-Sep-96,74,1696317,721386,974931
1-Sep-96,75,1640042,689992,950050
1-Sep-96,76,1483084,613832,869252
1-Sep-96,77,1362204,553275,808929
1-Sep-96,78,1275358,504629,770729
1-Sep-96,79,1185119,459796,725323
1-Sep-96,80,1116223,423579,692644
1-Sep-96,81,1016129,376038,640091
1-Sep-96,82,930550,336385,594165
1-Sep-96,83,839257,290038,549219
1-Sep-96,84,741190,249594,491596
1-Sep-96,85,646461,208571,437890
1-Sep-96,86,568176,176692,391484
1-Sep-96,87,492679,148902,343777
1-Sep-96,88,428629,123630,304999
1-Sep-96,89,361432,100318,261114
1-Sep-96,90,295110,77874,217236
1-Sep-96,91,250403,62841,187562
1-Sep-96,92,202793,49185,153608
1-Sep-96,93,157375,36053,121322
1-Sep-96,94,116820,26006,90814
1-Sep-96,95,90081,19032,71049
1-Sep-96,96,67978,13493,54485
1-Sep-96,97,44680,8365,36315
1-Sep-96,98,31601,5622,25979
1-Sep-96,99,21931,3949,17982
1-Sep-96,100+,45924,8550,37374
,,,,
1-Oct-96,All Age,269031698,131160224,137871474
1-Oct-96,0,3742486,1915734,1826752
1-Oct-96,1,3789510,1937923,1851587
1-Oct-96,2,3835155,1963073,1872082
1-Oct-96,3,3935365,2015936,1919429
1-Oct-96,4,4060397,2077626,1982771
1-Oct-96,5,4110002,2103176,2006826
1-Oct-96,6,4116849,2108027,2008822
1-Oct-96,7,3996794,2045683,1951111
1-Oct-96,8,3855463,1973771,1881692
1-Oct-96,9,3884915,1990081,1894834
1-Oct-96,10,3929939,2014991,1914948
1-Oct-96,11,3914684,2005601,1909083
1-Oct-96,12,3831472,1961656,1869816
1-Oct-96,13,3868224,1981144,1887080
1-Oct-96,14,3945983,2023164,1922819
1-Oct-96,15,3852594,1980269,1872325
1-Oct-96,16,3963283,2042651,1920632
1-Oct-96,17,3789522,1959149,1830373
1-Oct-96,18,3621987,1846763,1775224
1-Oct-96,19,3729168,1882597,1846571
1-Oct-96,20,3526304,1777409,1748895
1-Oct-96,21,3480324,1750606,1729718
1-Oct-96,22,3389247,1700789,1688458
1-Oct-96,23,3422454,1714921,1707533
1-Oct-96,24,3641273,1822510,1818763
1-Oct-96,25,3946233,1967937,1978296
1-Oct-96,26,4033484,2007359,2026125
1-Oct-96,27,3936877,1964289,1972588
1-Oct-96,28,3754187,1871471,1882716
1-Oct-96,29,3940633,1962885,1977748
1-Oct-96,30,4073774,2032739,2041035
1-Oct-96,31,4166144,2072998,2093146
1-Oct-96,32,4366581,2169160,2197421
1-Oct-96,33,4398509,2183264,2215245
1-Oct-96,34,4591951,2287772,2304179
1-Oct-96,35,4573754,2275389,2298365
1-Oct-96,36,4645367,2299308,2346059
1-Oct-96,37,4492349,2219781,2272568
1-Oct-96,38,4345237,2146099,2199138
1-Oct-96,39,4566071,2259625,2306446
1-Oct-96,40,4448310,2199723,2248587
1-Oct-96,41,4237238,2090033,2147205
1-Oct-96,42,4159637,2049123,2110514
1-Oct-96,43,3995960,1959164,2036796
1-Oct-96,44,4028326,1985945,2042381
1-Oct-96,45,3794993,1867990,1927003
1-Oct-96,46,3739345,1836492,1902853
1-Oct-96,47,3621572,1772088,1849484
1-Oct-96,48,3524056,1724966,1799090
1-Oct-96,49,3971021,1951053,2019968
1-Oct-96,50,3081809,1509337,1572472
1-Oct-96,51,2838854,1385904,1452950
1-Oct-96,52,2818271,1373122,1445149
1-Oct-96,53,2988468,1454810,1533658
1-Oct-96,54,2780836,1353974,1426862
1-Oct-96,55,2471296,1195947,1275349
1-Oct-96,56,2384375,1151630,1232745
1-Oct-96,57,2307178,1109158,1198020
1-Oct-96,58,2231318,1071638,1159680
1-Oct-96,59,2171290,1039948,1131342
1-Oct-96,60,2120166,1008493,1111673
1-Oct-96,61,2079120,989551,1089569
1-Oct-96,62,1993707,945295,1048412
1-Oct-96,63,1943697,916968,1026729
1-Oct-96,64,1983216,924358,1058858
1-Oct-96,65,2015397,933289,1082108
1-Oct-96,66,2040350,942544,1097806
1-Oct-96,67,2007618,922026,1085592
1-Oct-96,68,1956252,889299,1066953
1-Oct-96,69,1926922,862460,1064462
1-Oct-96,70,1860061,816910,1043151
1-Oct-96,71,1812749,795182,1017567
1-Oct-96,72,1778221,774217,1004004
1-Oct-96,73,1708453,737559,970894
1-Oct-96,74,1691961,719418,972543
1-Oct-96,75,1645427,692353,953074
1-Oct-96,76,1491496,617756,873740
1-Oct-96,77,1364298,554464,809834
1-Oct-96,78,1279161,506593,772568
1-Oct-96,79,1185916,459975,725941
1-Oct-96,80,1117773,424544,693229
1-Oct-96,81,1017643,376918,640725
1-Oct-96,82,933847,337956,595891
1-Oct-96,83,840020,290603,549417
1-Oct-96,84,745325,250955,494370
1-Oct-96,85,648018,209598,438420
1-Oct-96,86,570095,177117,392978
1-Oct-96,87,493948,149403,344545
1-Oct-96,88,429739,124066,305673
1-Oct-96,89,363441,100910,262531
1-Oct-96,90,295697,78101,217596
1-Oct-96,91,250123,62778,187345
1-Oct-96,92,204259,49552,154707
1-Oct-96,93,157992,36207,121785
1-Oct-96,94,117736,26183,91553
1-Oct-96,95,89310,18893,70417
1-Oct-96,96,69170,13735,55435
1-Oct-96,97,44883,8419,36464
1-Oct-96,98,31681,5630,26051
1-Oct-96,99,21945,3952,17993
1-Oct-96,100+,46167,8623,37544
,,,,
1-Nov-96,All Age,269334500,131316531,138017969
1-Nov-96,0,3749612,1919611,1830001
1-Nov-96,1,3789798,1938145,1851653
1-Nov-96,2,3833158,1961313,1871845
1-Nov-96,3,3926114,2011011,1915103
1-Nov-96,4,4056449,2076791,1979658
1-Nov-96,5,4106676,2100282,2006394
1-Nov-96,6,4125497,2112609,2012888
1-Nov-96,7,4013651,2054293,1959358
1-Nov-96,8,3860986,1976738,1884248
1-Nov-96,9,3892763,1994045,1898718
1-Nov-96,10,3925297,2012361,1912936
1-Nov-96,11,3919034,2008152,1910882
1-Nov-96,12,3848613,1970281,1878332
1-Nov-96,13,3860355,1977286,1883069
1-Nov-96,14,3957083,2028731,1928352
1-Nov-96,15,3839272,1973429,1865843
1-Nov-96,16,3982250,2052470,1929780
1-Nov-96,17,3805880,1967941,1837939
1-Nov-96,18,3625831,1848936,1776895
1-Nov-96,19,3738216,1886993,1851223
1-Nov-96,20,3540108,1784359,1755749
1-Nov-96,21,3470466,1746081,1724385
1-Nov-96,22,3408041,1710515,1697526
1-Nov-96,23,3415940,1712135,1703805
1-Nov-96,24,3620136,1812264,1807872
1-Nov-96,25,3924533,1957218,1967315
1-Nov-96,26,4054993,2017670,2037323
1-Nov-96,27,3946491,1968966,1977525
1-Nov-96,28,3760655,1874939,1885716
1-Nov-96,29,3932051,1959074,1972977
1-Nov-96,30,4067451,2029544,2037907
1-Nov-96,31,4146734,2063791,2082943
1-Nov-96,32,4358853,2165010,2193843
1-Nov-96,33,4393626,2180848,2212778
1-Nov-96,34,4595846,2289954,2305892
1-Nov-96,35,4556260,2266768,2289492
1-Nov-96,36,4668322,2310871,2357451
1-Nov-96,37,4483125,2215437,2267688
1-Nov-96,38,4346251,2146567,2199684
1-Nov-96,39,4574533,2264047,2310486
1-Nov-96,40,4462191,2206635,2255556
1-Nov-96,41,4248078,2095989,2152089
1-Nov-96,42,4179740,2059363,2120377
1-Nov-96,43,3992556,1957458,2035098
1-Nov-96,44,4044690,1994030,2050660
1-Nov-96,45,3794149,1867449,1926700
1-Nov-96,46,3759785,1847161,1912624
1-Nov-96,47,3621073,1771634,1849439
1-Nov-96,48,3526394,1726003,1800391
1-Nov-96,49,3941637,1936311,2005326
1-Nov-96,50,3187728,1562004,1625724
1-Nov-96,51,2841577,1387433,1454144
1-Nov-96,52,2811306,1369579,1441727
1-Nov-96,53,2964524,1442919,1521605
1-Nov-96,54,2835964,1381520,1454444
1-Nov-96,55,2477875,1198881,1278994
1-Nov-96,56,2394422,1156657,1237765
1-Nov-96,57,2306664,1108882,1197782
1-Nov-96,58,2236810,1074360,1162450
1-Nov-96,59,2182777,1045582,1137195
1-Nov-96,60,2119287,1008251,1111036
1-Nov-96,61,2075969,987955,1088014
1-Nov-96,62,2009611,952983,1056628
1-Nov-96,63,1937485,914357,1023128
1-Nov-96,64,1983087,924575,1058512
1-Nov-96,65,2005961,928892,1077069
1-Nov-96,66,2040291,941992,1098299
1-Nov-96,67,2008937,923670,1085267
1-Nov-96,68,1950442,886722,1063720
1-Nov-96,69,1932889,866057,1066832
1-Nov-96,70,1860556,817251,1043305
1-Nov-96,71,1808129,793285,1014844
1-Nov-96,72,1780004,774973,1005031
1-Nov-96,73,1710932,738925,972007
1-Nov-96,74,1687214,717293,969921
1-Nov-96,75,1648529,693562,954967
1-Nov-96,76,1500834,622280,878554
1-Nov-96,77,1365802,555254,810548
1-Nov-96,78,1282136,508215,773921
1-Nov-96,79,1186979,460245,726734
1-Nov-96,80,1119108,425378,693730
1-Nov-96,81,1018272,377488,640784
1-Nov-96,82,936930,339466,597464
1-Nov-96,83,840336,290973,549363
1-Nov-96,84,749234,252233,497001
1-Nov-96,85,648965,210418,438547
1-Nov-96,86,571686,177533,394153
1-Nov-96,87,495199,149901,345298
1-Nov-96,88,430545,124406,306139
1-Nov-96,89,365562,101562,264000
1-Nov-96,90,296213,78347,217866
1-Nov-96,91,249582,62662,186920
1-Nov-96,92,205625,49907,155718
1-Nov-96,93,158566,36365,122201
1-Nov-96,94,118791,26393,92398
1-Nov-96,95,88415,18742,69673
1-Nov-96,96,70216,13952,56264
1-Nov-96,97,45229,8510,36719
1-Nov-96,98,31777,5639,26138
1-Nov-96,99,21955,3956,17999
1-Nov-96,100+,46330,8637,37693
,,,,
1-Dec-96,All Age,269583123,131445050,138138073
1-Dec-96,0,3747854,1918399,1829455
1-Dec-96,1,3781671,1934330,1847341
1-Dec-96,2,3836619,1962735,1873884
1-Dec-96,3,3921631,2008536,1913095
1-Dec-96,4,4055875,2077219,1978656
1-Dec-96,5,4097882,2095489,2002393
1-Dec-96,6,4132692,2115997,2016695
1-Dec-96,7,4028501,2061879,1966622
1-Dec-96,8,3869484,1981237,1888247
1-Dec-96,9,3906369,2000965,1905404
1-Dec-96,10,3915835,2007273,1908562
1-Dec-96,11,3926262,2012140,1914122
1-Dec-96,12,3855259,1973520,1881739
1-Dec-96,13,3855468,1974949,1880519
1-Dec-96,14,3967810,2034101,1933709
1-Dec-96,15,3830121,1968719,1861402
1-Dec-96,16,3993609,2058360,1935249
1-Dec-96,17,3819814,1975381,1844433
1-Dec-96,18,3632012,1852292,1779720
1-Dec-96,19,3743676,1889463,1854213
1-Dec-96,20,3556334,1792329,1764005
1-Dec-96,21,3464096,1743059,1721037
1-Dec-96,22,3416605,1715030,1701575
1-Dec-96,23,3406003,1707534,1698469
1-Dec-96,24,3609417,1807408,1802009
1-Dec-96,25,3894666,1942438,1952228
1-Dec-96,26,4075679,2027590,2048089
1-Dec-96,27,3953141,1972168,1980973
1-Dec-96,28,3773340,1881475,1891865
1-Dec-96,29,3920064,1953557,1966507
1-Dec-96,30,4063185,2027346,2035839
1-Dec-96,31,4132765,2057428,2075337
1-Dec-96,32,4354552,2162561,2191991
1-Dec-96,33,4385197,2176831,2208366
1-Dec-96,34,4597302,2290834,2306468
1-Dec-96,35,4536201,2256778,2279423
1-Dec-96,36,4691500,2322548,2368952
1-Dec-96,37,4479011,2213653,2265358
1-Dec-96,38,4347745,2147174,2200571
1-Dec-96,39,4580113,2266984,2313129
1-Dec-96,40,4466905,2208959,2257946
1-Dec-96,41,4257056,2100894,2156162
1-Dec-96,42,4196806,2068111,2128695
1-Dec-96,43,3996393,1959222,2037171
1-Dec-96,44,4064042,2003583,2060459
1-Dec-96,45,3788598,1864591,1924007
1-Dec-96,46,3779846,1857555,1922291
1-Dec-96,47,3617304,1769582,1847722
1-Dec-96,48,3531291,1728313,1802978
1-Dec-96,49,3898721,1914941,1983780
1-Dec-96,50,3299739,1617622,1682117
1-Dec-96,51,2837867,1385789,1452078
1-Dec-96,52,2815858,1371639,1444219
1-Dec-96,53,2940777,1431121,1509656
1-Dec-96,54,2878897,1403109,1475788
1-Dec-96,55,2484125,1201677,1282448
1-Dec-96,56,2404046,1161469,1242577
1-Dec-96,57,2306053,1108567,1197486
1-Dec-96,58,2242030,1076960,1165070
1-Dec-96,59,2193762,1050974,1142788
1-Dec-96,60,2118319,1007967,1110352
1-Dec-96,61,2072825,986385,1086440
1-Dec-96,62,2024879,960363,1064516
1-Dec-96,63,1931393,911801,1019592
1-Dec-96,64,1982837,924725,1058112
1-Dec-96,65,1996731,924593,1072138
1-Dec-96,66,2040138,941406,1098732
1-Dec-96,67,2010108,925214,1084894
1-Dec-96,68,1944729,884187,1060542
1-Dec-96,69,1938566,869480,1069086
1-Dec-96,70,1860926,817530,1043396
1-Dec-96,71,1803573,791419,1012154
1-Dec-96,72,1781596,775638,1005958
1-Dec-96,73,1713187,740166,973021
1-Dec-96,74,1682480,715175,967305
1-Dec-96,75,1651374,694659,956715
1-Dec-96,76,1509653,626540,883113
1-Dec-96,77,1367127,555947,811180
1-Dec-96,78,1284841,509684,775157
1-Dec-96,79,1187843,460428,727415
1-Dec-96,80,1120215,426092,694123
1-Dec-96,81,1018712,377956,640756
1-Dec-96,82,939735,340837,598898
1-Dec-96,83,840463,291239,549224
1-Dec-96,84,752783,253367,499416
1-Dec-96,85,649686,211116,438570
1-Dec-96,86,573034,177856,395178
1-Dec-96,87,496220,150303,345917
1-Dec-96,88,431150,124671,306479
1-Dec-96,89,367413,102127,265286
1-Dec-96,90,296545,78522,218023
1-Dec-96,91,248914,62506,186408
1-Dec-96,92,206759,50185,156574
1-Dec-96,93,158979,36483,122496
1-Dec-96,94,119678,26560,93118
1-Dec-96,95,87480,18570,68910
1-Dec-96,96,71094,14133,56961
1-Dec-96,97,45484,8574,36910
1-Dec-96,98,31823,5644,26179
1-Dec-96,99,21922,3949,17973
1-Dec-96,100+,46433,8666,37767
Intercensal Estimates of the United States Civilian Population by Age and Sex: 1997,,,,
,,,,
1-Jan-97,All Age,269829837,131578307,138251530
1-Jan-97,0,3753685,1921621,1832064
1-Jan-97,1,3770581,1928760,1841821
1-Jan-97,2,3832788,1960785,1872003
1-Jan-97,3,3916154,2005261,1910893
1-Jan-97,4,4053682,2076319,1977363
1-Jan-97,5,4103049,2098127,2004922
1-Jan-97,6,4133155,2116171,2016984
1-Jan-97,7,4046153,2070895,1975258
1-Jan-97,8,3871698,1982528,1889170
1-Jan-97,9,3914267,2004968,1909299
1-Jan-97,10,3917012,2007626,1909386
1-Jan-97,11,3937910,2018401,1919509
1-Jan-97,12,3858770,1975142,1883628
1-Jan-97,13,3854779,1974775,1880004
1-Jan-97,14,3969304,2034743,1934561
1-Jan-97,15,3820003,1963510,1856493
1-Jan-97,16,4016486,2070176,1946310
1-Jan-97,17,3825898,1978736,1847162
1-Jan-97,18,3648495,1861762,1786733
1-Jan-97,19,3743007,1889471,1853536
1-Jan-97,20,3568189,1798540,1769649
1-Jan-97,21,3467048,1744857,1722191
1-Jan-97,22,3425375,1719977,1705398
1-Jan-97,23,3392970,1701711,1691259
1-Jan-97,24,3607602,1807167,1800435
1-Jan-97,25,3848417,1919556,1928861
1-Jan-97,26,4099827,2039281,2060546
1-Jan-97,27,3964734,1978055,1986679
1-Jan-97,28,3791753,1890836,1900917
1-Jan-97,29,3910575,1949361,1961214
1-Jan-97,30,4058632,2024931,2033701
1-Jan-97,31,4118124,2050817,2067307
1-Jan-97,32,4346020,2158066,2187954
1-Jan-97,33,4376983,2172805,2204178
1-Jan-97,34,4602634,2293668,2308966
1-Jan-97,35,4506882,2242259,2264623
1-Jan-97,36,4719316,2336446,2382870
1-Jan-97,37,4475962,2212380,2263582
1-Jan-97,38,4352864,2149496,2203368
1-Jan-97,39,4581168,2267603,2313565
1-Jan-97,40,4474465,2212695,2261770
1-Jan-97,41,4268628,2107084,2161544
1-Jan-97,42,4199793,2069835,2129958
1-Jan-97,43,4011893,1966716,2045177
1-Jan-97,44,4084048,2013437,2070611
1-Jan-97,45,3781359,1860870,1920489
1-Jan-97,46,3807003,1871392,1935611
1-Jan-97,47,3609923,1765765,1844158
1-Jan-97,48,3540972,1732918,1808054
1-Jan-97,49,3849564,1890471,1959093
1-Jan-97,50,3414295,1674453,1739842
1-Jan-97,51,2833373,1383795,1449578
1-Jan-97,52,2821902,1374392,1447510
1-Jan-97,53,2916856,1419226,1497630
1-Jan-97,54,2918222,1422933,1495289
1-Jan-97,55,2490451,1204484,1285967
1-Jan-97,56,2413846,1166374,1247472
1-Jan-97,57,2305264,1108160,1197104
1-Jan-97,58,2247284,1079576,1167708
1-Jan-97,59,2204930,1056446,1148484
1-Jan-97,60,2117154,1007582,1109572
1-Jan-97,61,2069386,984669,1084717
1-Jan-97,62,2040415,967862,1072553
1-Jan-97,63,1924901,909061,1015840
1-Jan-97,64,1982311,924763,1057548
1-Jan-97,65,1986972,920044,1066928
1-Jan-97,66,2039681,940648,1099033
1-Jan-97,67,2011001,926667,1084334
1-Jan-97,68,1938495,881420,1057075
1-Jan-97,69,1944059,872837,1071222
1-Jan-97,70,1860850,817612,1043238
1-Jan-97,71,1798467,789313,1009154
1-Jan-97,72,1782733,776092,1006641
1-Jan-97,73,1714984,741214,973770
1-Jan-97,74,1677073,712764,964309
1-Jan-97,75,1653719,695531,958188
1-Jan-97,76,1518078,630639,887439
1-Jan-97,77,1367874,556376,811498
1-Jan-97,78,1286973,510933,776040
1-Jan-97,79,1188076,460343,727733
1-Jan-97,80,1120643,426542,694101
1-Jan-97,81,1018470,378157,640313
1-Jan-97,82,941893,341964,599929
1-Jan-97,83,839885,291244,548641
1-Jan-97,84,755684,254275,501409
1-Jan-97,85,649735,211592,438143
1-Jan-97,86,573734,177973,395761
1-Jan-97,87,496606,150521,346085
1-Jan-97,88,431147,124759,306388
1-Jan-97,89,368690,102527,266163
1-Jan-97,90,296336,78556,217780
1-Jan-97,91,247744,62233,185511
1-Jan-97,92,207450,50359,157091
1-Jan-97,93,158997,36513,122484
1-Jan-97,94,120230,26655,93575
1-Jan-97,95,86276,18348,67928
1-Jan-97,96,71720,14264,57456
1-Jan-97,97,45558,8612,36946
1-Jan-97,98,31727,5627,26100
1-Jan-97,99,21788,3928,17860
1-Jan-97,100+,46300,8677,37623
,,,,
1-Feb-97,All Age,270054648,131695382,138359266
1-Feb-97,0,3756654,1922795,1833859
1-Feb-97,1,3769253,1928214,1841039
1-Feb-97,2,3828854,1958884,1869970
1-Feb-97,3,3914922,2003983,1910939
1-Feb-97,4,4043569,2071394,1972175
1-Feb-97,5,4102811,2098651,2004160
1-Feb-97,6,4138058,2118113,2019945
1-Feb-97,7,4062995,2079523,1983472
1-Feb-97,8,3880268,1987016,1893252
1-Feb-97,9,3918759,2007116,1911643
1-Feb-97,10,3920708,2009576,1911132
1-Feb-97,11,3935057,2016854,1918203
1-Feb-97,12,3874006,1982983,1891023
1-Feb-97,13,3849987,1972198,1877789
1-Feb-97,14,3957993,2029163,1928830
1-Feb-97,15,3859504,1983779,1875725
1-Feb-97,16,3990317,2056587,1933730
1-Feb-97,17,3838329,1984729,1853600
1-Feb-97,18,3667259,1872040,1795219
1-Feb-97,19,3743278,1889190,1854088
1-Feb-97,20,3581264,1805101,1776163
1-Feb-97,21,3467998,1745152,1722846
1-Feb-97,22,3428917,1722109,1706808
1-Feb-97,23,3391729,1701047,1690682
1-Feb-97,24,3588761,1796627,1792134
1-Feb-97,25,3841399,1917611,1923788
1-Feb-97,26,4088194,2033603,2054591
1-Feb-97,27,3978324,1984475,1993849
1-Feb-97,28,3810690,1900157,1910533
1-Feb-97,29,3901273,1944655,1956618
1-Feb-97,30,4069080,2030829,2038251
1-Feb-97,31,4089428,2035924,2053504
1-Feb-97,32,4336951,2153878,2183073
1-Feb-97,33,4373729,2171788,2201941
1-Feb-97,34,4577270,2280323,2296947
1-Feb-97,35,4560871,2270402,2290469
1-Feb-97,36,4671108,2311325,2359783
1-Feb-97,37,4490076,2220152,2269924
1-Feb-97,38,4364818,2155498,2209320
1-Feb-97,39,4576599,2264727,2311872
1-Feb-97,40,4498056,2226466,2271590
1-Feb-97,41,4260966,2101520,2159446
1-Feb-97,42,4200826,2071037,2129789
1-Feb-97,43,4032128,1977194,2054934
1-Feb-97,44,4072007,2007042,2064965
1-Feb-97,45,3847645,1894698,1952947
1-Feb-97,46,3757118,1845118,1912000
1-Feb-97,47,3630161,1776673,1853488
1-Feb-97,48,3547451,1736263,1811188
1-Feb-97,49,3801262,1865810,1935452
1-Feb-97,50,3548019,1741730,1806289
1-Feb-97,51,2802547,1367473,1435074
1-Feb-97,52,2829556,1378616,1450940
1-Feb-97,53,2899678,1410581,1489097
1-Feb-97,54,2939493,1433529,1505964
1-Feb-97,55,2522872,1220946,1301926
1-Feb-97,56,2413489,1165794,1247695
1-Feb-97,57,2306397,1108887,1197510
1-Feb-97,58,2252559,1082169,1170390
1-Feb-97,59,2214866,1061284,1153582
1-Feb-97,60,2121974,1010084,1111890
1-Feb-97,61,2061630,980866,1080764
1-Feb-97,62,2053233,974150,1079083
1-Feb-97,63,1924543,909124,1015419
1-Feb-97,64,1977163,922652,1054511
1-Feb-97,65,1984260,918887,1065373
1-Feb-97,66,2031362,935961,1095401
1-Feb-97,67,2012359,928270,1084089
1-Feb-97,68,1936831,880750,1056081
1-Feb-97,69,1944270,873803,1070467
1-Feb-97,70,1862941,818450,1044491
1-Feb-97,71,1792403,786818,1005585
1-Feb-97,72,1783835,776625,1007210
1-Feb-97,73,1715216,741419,973797
1-Feb-97,74,1671947,710370,961577
1-Feb-97,75,1655714,696260,959454
1-Feb-97,76,1524843,633922,890921
1-Feb-97,77,1369387,557122,812265
1-Feb-97,78,1288633,511971,776662
1-Feb-97,79,1187805,459950,727855
1-Feb-97,80,1123003,427709,695294
1-Feb-97,81,1016512,377687,638825
1-Feb-97,82,942941,342680,600261
1-Feb-97,83,840141,291522,548619
1-Feb-97,84,758639,255249,503390
1-Feb-97,85,649150,211737,437413
1-Feb-97,86,573779,177980,395799
1-Feb-97,87,497551,150914,346637
1-Feb-97,88,431492,124930,306562
1-Feb-97,89,369204,102705,266499
1-Feb-97,90,296360,78616,217744
1-Feb-97,91,246466,61944,184522
1-Feb-97,92,208169,50547,157622
1-Feb-97,93,159146,36567,122579
1-Feb-97,94,120645,26740,93905
1-Feb-97,95,85602,18224,67378
1-Feb-97,96,71837,14300,57537
1-Feb-97,97,45964,8712,37252
1-Feb-97,98,31698,5626,26072
1-Feb-97,99,21690,3910,17780
1-Feb-97,100+,46154,8628,37526
,,,,
1-Mar-97,All Age,270297425,131823639,138473786
1-Mar-97,0,3746358,1917651,1828707
1-Mar-97,1,3776166,1932100,1844066
1-Mar-97,2,3823518,1956026,1867492
1-Mar-97,3,3912750,2002397,1910353
1-Mar-97,4,4033618,2066512,1967106
1-Mar-97,5,4110127,2102749,2007378
1-Mar-97,6,4139360,2118517,2020843
1-Mar-97,7,4077061,2086743,1990318
1-Mar-97,8,3880624,1987303,1893321
1-Mar-97,9,3933471,2014513,1918958
1-Mar-97,10,3926257,2012479,1913778
1-Mar-97,11,3931856,2015141,1916715
1-Mar-97,12,3876238,1984177,1892061
1-Mar-97,13,3855950,1975158,1880792
1-Mar-97,14,3947715,2024119,1923596
1-Mar-97,15,3897119,2003092,1894027
1-Mar-97,16,3955982,2038821,1917161
1-Mar-97,17,3863618,1997494,1866124
1-Mar-97,18,3684330,1881859,1802471
1-Mar-97,19,3742013,1888841,1853172
1-Mar-97,20,3591281,1810373,1780908
1-Mar-97,21,3476699,1749394,1727305
1-Mar-97,22,3432802,1724507,1708295
1-Mar-97,23,3394646,1702678,1691968
1-Mar-97,24,3559459,1781254,1778205
1-Mar-97,25,3848305,1922376,1925929
1-Mar-97,26,4070718,2025153,2045565
1-Mar-97,27,3994427,1992220,2002207
1-Mar-97,28,3816940,1903210,1913730
1-Mar-97,29,3906294,1947163,1959131
1-Mar-97,30,4074284,2034130,2040154
1-Mar-97,31,4066457,2023960,2042497
1-Mar-97,32,4315470,2143487,2171983
1-Mar-97,33,4386249,2178628,2207621
1-Mar-97,34,4551104,2266561,2284543
1-Mar-97,35,4610025,2296044,2313981
1-Mar-97,36,4616051,2282880,2333171
1-Mar-97,37,4515171,2233356,2281815
1-Mar-97,38,4374003,2160010,2213993
1-Mar-97,39,4577296,2264604,2312692
1-Mar-97,40,4505126,2231978,2273148
1-Mar-97,41,4263136,2100956,2162180
1-Mar-97,42,4209120,2075748,2133372
1-Mar-97,43,4048596,1985828,2062768
1-Mar-97,44,4045633,1993673,2051960
1-Mar-97,45,3921419,1932148,1989271
1-Mar-97,46,3714854,1822814,1892040
1-Mar-97,47,3650207,1787405,1862802
1-Mar-97,48,3537593,1731643,1805950
1-Mar-97,49,3783464,1856199,1927265
1-Mar-97,50,3657867,1797178,1860689
1-Mar-97,51,2778807,1354750,1424057
1-Mar-97,52,2827220,1377911,1449309
1-Mar-97,53,2894309,1407752,1486557
1-Mar-97,54,2953435,1440528,1512907
1-Mar-97,55,2558268,1238799,1319469
1-Mar-97,56,2406835,1162216,1244619
1-Mar-97,57,2314222,1112850,1201372
1-Mar-97,58,2257546,1084622,1172924
1-Mar-97,59,2224061,1065776,1158285
1-Mar-97,60,2120801,1009734,1111067
1-Mar-97,61,2060513,980257,1080256
1-Mar-97,62,2065086,979976,1085110
1-Mar-97,63,1924499,909343,1015156
1-Mar-97,64,1967327,918358,1048969
1-Mar-97,65,1987624,920570,1067054
1-Mar-97,66,2024246,931951,1092295
1-Mar-97,67,2013955,929924,1084031
1-Mar-97,68,1930386,877939,1052447
1-Mar-97,69,1950290,877349,1072941
1-Mar-97,70,1865247,819419,1045828
1-Mar-97,71,1787445,784839,1002606
1-Mar-97,72,1780533,775290,1005243
1-Mar-97,73,1720778,743971,976807
1-Mar-97,74,1667855,708483,959372
1-Mar-97,75,1658098,697219,960879
1-Mar-97,76,1527526,635528,891998
1-Mar-97,77,1375260,559683,815577
1-Mar-97,78,1290707,513172,777535
1-Mar-97,79,1188152,459872,728280
1-Mar-97,80,1122740,427898,694842
1-Mar-97,81,1018230,378603,639627
1-Mar-97,82,944467,343561,600906
1-Mar-97,83,840922,291984,548938
1-Mar-97,84,759899,255673,504226
1-Mar-97,85,651001,212662,438339
1-Mar-97,86,574285,178138,396147
1-Mar-97,87,498826,151402,347424
1-Mar-97,88,431107,124892,306215
1-Mar-97,89,371118,103274,267844
1-Mar-97,90,296681,78749,217932
1-Mar-97,91,245616,61756,183860
1-Mar-97,92,208530,50644,157886
1-Mar-97,93,159961,36774,123187
1-Mar-97,94,121147,26835,94312
1-Mar-97,95,85123,18141,66982
1-Mar-97,96,72035,14347,57688
1-Mar-97,97,46374,8808,37566
1-Mar-97,98,31713,5629,26084
1-Mar-97,99,21632,3899,17733
1-Mar-97,100+,46160,8639,37521
,,,,
1-Apr-97,All Age,270567546,131964705,138602841
1-Apr-97,0,3743851,1915884,1827967
1-Apr-97,1,3770958,1929098,1841860
1-Apr-97,2,3813423,1951028,1862395
1-Apr-97,3,3911618,2001856,1909762
1-Apr-97,4,4037247,2068471,1968776
1-Apr-97,5,4106729,2100796,2005933
1-Apr-97,6,4138311,2118288,2020023
1-Apr-97,7,4089678,2093243,1996435
1-Apr-97,8,3896614,1995610,1901004
1-Apr-97,9,3937314,2016330,1920984
1-Apr-97,10,3936619,2017863,1918756
1-Apr-97,11,3928703,2013440,1915263
1-Apr-97,12,3886177,1989326,1896851
1-Apr-97,13,3849717,1971868,1877849
1-Apr-97,14,3941751,2021305,1920446
1-Apr-97,15,3938765,2024481,1914284
1-Apr-97,16,3931205,2025972,1905233
1-Apr-97,17,3877886,2004557,1873329
1-Apr-97,18,3703167,1892657,1810510
1-Apr-97,19,3740629,1888572,1852057
1-Apr-97,20,3614928,1822518,1792410
1-Apr-97,21,3477240,1749727,1727513
1-Apr-97,22,3439225,1728139,1711086
1-Apr-97,23,3391404,1701360,1690044
1-Apr-97,24,3547750,1774314,1773436
1-Apr-97,25,3843646,1921683,1921963
1-Apr-97,26,4049488,2014615,2034873
1-Apr-97,27,4010941,2000220,2010721
1-Apr-97,28,3834034,1911609,1922425
1-Apr-97,29,3898234,1943094,1955140
1-Apr-97,30,4079269,2037437,2041832
1-Apr-97,31,4043227,2011774,2031453
1-Apr-97,32,4311848,2142100,2169748
1-Apr-97,33,4382017,2177017,2205000
1-Apr-97,34,4519553,2250038,2269515
1-Apr-97,35,4664847,2324553,2340294
1-Apr-97,36,4570025,2258779,2311246
1-Apr-97,37,4525227,2239205,2286022
1-Apr-97,38,4391878,2168833,2223045
1-Apr-97,39,4573809,2262344,2311465
1-Apr-97,40,4524988,2243929,2281059
1-Apr-97,41,4258131,2096684,2161447
1-Apr-97,42,4222688,2083084,2139604
1-Apr-97,43,4068028,1995938,2072090
1-Apr-97,44,4020058,1980627,2039431
1-Apr-97,45,3985382,1964916,2020466
1-Apr-97,46,3677136,1802552,1874584
1-Apr-97,47,3666180,1796208,1869972
1-Apr-97,48,3540241,1733152,1807089
1-Apr-97,49,3756018,1841830,1914188
1-Apr-97,50,3770828,1854248,1916580
1-Apr-97,51,2759345,1344015,1415330
1-Apr-97,52,2836994,1383176,1453818
1-Apr-97,53,2876065,1398645,1477420
1-Apr-97,54,2965684,1446641,1519043
1-Apr-97,55,2593477,1256684,1336793
1-Apr-97,56,2406762,1161772,1244990
1-Apr-97,57,2315684,1113772,1201912
1-Apr-97,58,2263112,1087363,1175749
1-Apr-97,59,2234297,1070778,1163519
1-Apr-97,60,2125996,1012422,1113574
1-Apr-97,61,2053147,976673,1076474
1-Apr-97,62,2078320,986480,1091840
1-Apr-97,63,1924561,909645,1014916
1-Apr-97,64,1962656,916502,1046154
1-Apr-97,65,1985386,919676,1065710
1-Apr-97,66,2016522,927592,1088930
1-Apr-97,67,2015866,931827,1084039
1-Apr-97,68,1929298,877569,1051729
1-Apr-97,69,1951193,878676,1072517
1-Apr-97,70,1867939,820549,1047390
1-Apr-97,71,1782141,782749,999392
1-Apr-97,72,1782338,776168,1006170
1-Apr-97,73,1721762,744554,977208
1-Apr-97,74,1663520,706490,957030
1-Apr-97,75,1660954,698377,962577
1-Apr-97,76,1535035,639161,895874
1-Apr-97,77,1377542,560779,816763
1-Apr-97,78,1293176,514566,778610
1-Apr-97,79,1188689,459832,728857
1-Apr-97,80,1125865,429382,696483
1-Apr-97,81,1017082,378438,638644
1-Apr-97,82,946326,344581,601745
1-Apr-97,83,841910,292513,549397
1-Apr-97,84,763507,256857,506650
1-Apr-97,85,651072,212994,438078
1-Apr-97,86,574954,178328,396626
1-Apr-97,87,500295,151935,348360
1-Apr-97,88,431995,125216,306779
1-Apr-97,89,372057,103543,268514
1-Apr-97,90,297064,78882,218182
1-Apr-97,91,244727,61549,183178
1-Apr-97,92,209486,50870,158616
1-Apr-97,93,160306,36860,123446
1-Apr-97,94,121702,26937,94765
1-Apr-97,95,84606,18039,66567
1-Apr-97,96,72231,14389,57842
1-Apr-97,97,46798,8904,37894
1-Apr-97,98,31726,5632,26094
1-Apr-97,99,21556,3885,17671
1-Apr-97,100+,46190,8666,37524
,,,,
1-May-97,All Age,270833582,132104618,138728964
1-May-97,0,3745568,1916775,1828793
1-May-97,1,3774568,1930952,1843616
1-May-97,2,3805851,1947052,1858799
1-May-97,3,3902991,1997521,1905470
1-May-97,4,4031666,2065604,1966062
1-May-97,5,4105642,2100210,2005432
1-May-97,6,4138829,2118869,2019960
1-May-97,7,4108402,2102641,2005761
1-May-97,8,3908676,2001790,1906886
1-May-97,9,3938120,2016858,1921262
1-May-97,10,3940853,2019994,1920859
1-May-97,11,3930921,2014388,1916533
1-May-97,12,3905003,1999217,1905786
1-May-97,13,3842111,1967813,1874298
1-May-97,14,3945465,2023348,1922117
1-May-97,15,3948869,2029506,1919363
1-May-97,16,3919729,2020053,1899676
1-May-97,17,3904584,2018369,1886215
1-May-97,18,3724110,1904707,1819403
1-May-97,19,3733014,1885338,1847676
1-May-97,20,3635352,1832963,1802389
1-May-97,21,3472160,1747197,1724963
1-May-97,22,3446534,1731792,1714742
1-May-97,23,3393142,1702268,1690874
1-May-97,24,3543640,1772650,1770990
1-May-97,25,3818906,1910040,1908866
1-May-97,26,4047935,2013511,2034424
1-May-97,27,4024604,2007100,2017504
1-May-97,28,3847242,1918584,1928658
1-May-97,29,3904027,1946176,1957851
1-May-97,30,4063709,2030248,2033461
1-May-97,31,4038020,2008867,2029153
1-May-97,32,4300005,2136847,2163158
1-May-97,33,4372917,2172103,2200814
1-May-97,34,4514865,2247719,2267146
1-May-97,35,4666302,2325472,2340830
1-May-97,36,4563134,2255232,2307902
1-May-97,37,4539171,2246224,2292947
1-May-97,38,4394668,2170224,2224444
1-May-97,39,4568656,2259542,2309114
1-May-97,40,4550631,2256923,2293708
1-May-97,41,4255260,2095113,2160147
1-May-97,42,4235150,2089795,2145355
1-May-97,43,4087261,2005502,2081759
1-May-97,44,4013257,1977132,2036125
1-May-97,45,3990138,1967285,2022853
1-May-97,46,3698895,1813123,1885772
1-May-97,47,3671472,1799344,1872128
1-May-97,48,3530108,1728034,1802074
1-May-97,49,3742594,1834952,1907642
1-May-97,50,3845703,1891020,1954683
1-May-97,51,2761840,1345644,1416196
1-May-97,52,2846328,1387929,1458399
1-May-97,53,2853845,1387615,1466230
1-May-97,54,2989605,1458277,1531328
1-May-97,55,2596141,1258206,1337935
1-May-97,56,2417983,1167319,1250664
1-May-97,57,2324340,1118021,1206319
1-May-97,58,2262537,1087117,1175420
1-May-97,59,2240256,1073631,1166625
1-May-97,60,2132124,1015524,1116600
1-May-97,61,2053156,976826,1076330
1-May-97,62,2080434,987371,1093063
1-May-97,63,1932765,913727,1019038
1-May-97,64,1961844,916543,1045301
1-May-97,65,1973838,914325,1059513
1-May-97,66,2014920,927172,1087748
1-May-97,67,2017754,932153,1085601
1-May-97,68,1926307,877086,1049221
1-May-97,69,1948533,877674,1070859
1-May-97,70,1871479,823056,1048423
1-May-97,71,1782025,782798,999227
1-May-97,72,1780415,775250,1005165
1-May-97,73,1724015,745667,978348
1-May-97,74,1664118,707023,957095
1-May-97,75,1656892,696557,960335
1-May-97,76,1542021,642060,899961
1-May-97,77,1383346,563673,819673
1-May-97,78,1294535,515343,779192
1-May-97,79,1191702,461401,730301
1-May-97,80,1126196,429489,696707
1-May-97,81,1017505,378886,638619
1-May-97,82,948157,345529,602628
1-May-97,83,843490,293493,549997
1-May-97,84,764349,257335,507014
1-May-97,85,654368,214164,440204
1-May-97,86,576646,179293,397353
1-May-97,87,501187,152116,349071
1-May-97,88,432835,125598,307237
1-May-97,89,372757,103863,268894
1-May-97,90,298615,79388,219227
1-May-97,91,245160,61724,183436
1-May-97,92,209240,50848,158392
1-May-97,93,161262,37110,124152
1-May-97,94,122243,27071,95172
1-May-97,95,84752,18077,66675
1-May-97,96,72002,14362,57640
1-May-97,97,47582,9072,38510
1-May-97,98,31846,5666,26180
1-May-97,99,21565,3883,17682
1-May-97,100+,46297,8676,37621
,,,,
1-Jun-97,All Age,271115966,132251257,138864709
1-Jun-97,0,3749184,1918646,1830538
1-Jun-97,1,3766294,1926059,1840235
1-Jun-97,2,3810415,1949466,1860949
1-Jun-97,3,3898324,1994999,1903325
1-Jun-97,4,4024281,2062545,1961736
1-Jun-97,5,4097787,2096558,2001229
1-Jun-97,6,4139091,2118886,2020205
1-Jun-97,7,4127441,2112223,2015218
1-Jun-97,8,3921495,2008356,1913139
1-Jun-97,9,3943725,2019854,1923871
1-Jun-97,10,3945183,2022166,1923017
1-Jun-97,11,3928927,2013170,1915757
1-Jun-97,12,3926191,2010333,1915858
1-Jun-97,13,3838998,1966051,1872947
1-Jun-97,14,3943288,2022373,1920915
1-Jun-97,15,3963413,2036808,1926605
1-Jun-97,16,3912135,2016136,1895999
1-Jun-97,17,3921258,2026959,1894299
1-Jun-97,18,3743819,1915859,1827960
1-Jun-97,19,3729205,1883741,1845464
1-Jun-97,20,3659677,1844968,1814709
1-Jun-97,21,3464435,1743382,1721053
1-Jun-97,22,3452572,1734484,1718088
1-Jun-97,23,3398557,1705012,1693545
1-Jun-97,24,3530266,1766267,1763999
1-Jun-97,25,3812958,1907877,1905081
1-Jun-97,26,4032460,2005419,2027041
1-Jun-97,27,4044078,2016811,2027267
1-Jun-97,28,3851353,1921058,1930295
1-Jun-97,29,3904155,1946324,1957831
1-Jun-97,30,4064284,2031349,2032935
1-Jun-97,31,4024430,2001770,2022660
1-Jun-97,32,4288312,2131628,2156684
1-Jun-97,33,4366152,2168287,2197865
1-Jun-97,34,4514536,2247576,2266960
1-Jun-97,35,4668278,2326704,2341574
1-Jun-97,36,4557669,2252404,2305265
1-Jun-97,37,4552695,2253114,2299581
1-Jun-97,38,4387286,2166563,2220723
1-Jun-97,39,4566567,2258325,2308242
1-Jun-97,40,4583973,2273709,2310264
1-Jun-97,41,4241811,2088386,2153425
1-Jun-97,42,4251279,2098327,2152952
1-Jun-97,43,4099410,2011637,2087773
1-Jun-97,44,4019237,1979936,2039301
1-Jun-97,45,3986183,1965355,2020828
1-Jun-97,46,3719726,1823283,1896443
1-Jun-97,47,3684015,1806072,1877943
1-Jun-97,48,3536346,1730949,1805397
1-Jun-97,49,3712203,1819722,1892481
1-Jun-97,50,3918976,1927018,1991958
1-Jun-97,51,2770162,1350144,1420018
1-Jun-97,52,2853840,1391823,1462017
1-Jun-97,53,2839759,1380554,1459205
1-Jun-97,54,3010362,1468339,1542023
1-Jun-97,55,2595808,1258326,1337482
1-Jun-97,56,2429631,1173082,1256549
1-Jun-97,57,2333349,1122459,1210890
1-Jun-97,58,2262028,1086911,1175117
1-Jun-97,59,2246495,1076631,1169864
1-Jun-97,60,2138540,1018772,1119768
1-Jun-97,61,2053276,977047,1076229
1-Jun-97,62,2082725,988345,1094380
1-Jun-97,63,1941356,918007,1023349
1-Jun-97,64,1961126,916650,1044476
1-Jun-97,65,1962072,908889,1053183
1-Jun-97,66,2013435,926829,1086606
1-Jun-97,67,2019877,932586,1087291
1-Jun-97,68,1923401,876679,1046722
1-Jun-97,69,1946000,876744,1069256
1-Jun-97,70,1875303,825726,1049577
1-Jun-97,71,1782109,782958,999151
1-Jun-97,72,1778659,774419,1004240
1-Jun-97,73,1726573,746927,979646
1-Jun-97,74,1664922,707660,957262
1-Jun-97,75,1652991,694825,958166
1-Jun-97,76,1549471,645166,904305
1-Jun-97,77,1389553,566745,822808
1-Jun-97,78,1296207,516261,779946
1-Jun-97,79,1195036,463106,731930
1-Jun-97,80,1126795,429703,697092
1-Jun-97,81,1018191,379440,638751
1-Jun-97,82,950297,346606,603691
1-Jun-97,83,845331,294557,550774
1-Jun-97,84,765446,257893,507553
1-Jun-97,85,657941,215414,442527
1-Jun-97,86,578558,180316,398242
1-Jun-97,87,502278,152350,349928
1-Jun-97,88,433841,126022,307819
1-Jun-97,89,373605,104209,269396
1-Jun-97,90,300305,79923,220382
1-Jun-97,91,245678,61911,183767
1-Jun-97,92,209070,50831,158239
1-Jun-97,93,162285,37366,124919
1-Jun-97,94,122828,27207,95621
1-Jun-97,95,84926,18119,66807
1-Jun-97,96,71793,14336,57457
1-Jun-97,97,48371,9238,39133
1-Jun-97,98,31973,5699,26274
1-Jun-97,99,21580,3882,17698
1-Jun-97,100+,46475,8721,37754
,,,,
1-Jul-97,All Age,271394417,132389762,139004655
1-Jul-97,0,3751141,1920124,1831017
1-Jul-97,1,3755827,1920214,1835613
1-Jul-97,2,3811084,1949787,1861297
1-Jul-97,3,3893717,1993090,1900627
1-Jul-97,4,4020902,2060785,1960117
1-Jul-97,5,4104267,2099810,2004457
1-Jul-97,6,4127495,2112371,2015124
1-Jul-97,7,4136887,2117783,2019104
1-Jul-97,8,3934297,2014918,1919379
1-Jul-97,9,3951086,2023735,1927351
1-Jul-97,10,3959574,2029495,1930079
1-Jul-97,11,3927924,2012448,1915476
1-Jul-97,12,3938327,2016810,1921517
1-Jul-97,13,3834661,1963654,1871007
1-Jul-97,14,3940211,2020936,1919275
1-Jul-97,15,3978082,2044169,1933913
1-Jul-97,16,3907117,2013549,1893568
1-Jul-97,17,3941643,2037194,1904449
1-Jul-97,18,3752303,1918987,1833316
1-Jul-97,19,3726579,1882328,1844251
1-Jul-97,20,3677676,1854005,1823671
1-Jul-97,21,3469078,1745920,1723158
1-Jul-97,22,3460501,1738496,1722005
1-Jul-97,23,3397220,1704359,1692861
1-Jul-97,24,3527499,1765171,1762328
1-Jul-97,25,3794426,1899060,1895366
1-Jul-97,26,4010889,1994007,2016882
1-Jul-97,27,4066088,2027630,2038458
1-Jul-97,28,3859032,1925049,1933983
1-Jul-97,29,3903514,1946037,1957477
1-Jul-97,30,4064555,2031880,2032675
1-Jul-97,31,4008855,1993668,2015187
1-Jul-97,32,4271680,2123840,2147840
1-Jul-97,33,4367233,2168123,2199110
1-Jul-97,34,4519586,2250023,2269563
1-Jul-97,35,4662836,2324172,2338664
1-Jul-97,36,4551931,2249231,2302700
1-Jul-97,37,4560016,2256883,2303133
1-Jul-97,38,4389765,2167590,2222175
1-Jul-97,39,4556196,2252978,2303218
1-Jul-97,40,4600457,2282110,2318347
1-Jul-97,41,4249070,2091801,2157269
1-Jul-97,42,4257451,2101928,2155523
1-Jul-97,43,4105898,2015002,2090896
1-Jul-97,44,4028496,1984311,2044185
1-Jul-97,45,4000526,1972411,2028115
1-Jul-97,46,3715177,1820902,1894275
1-Jul-97,47,3712291,1820552,1891739
1-Jul-97,48,3551173,1737992,1813181
1-Jul-97,49,3678490,1802890,1875600
1-Jul-97,50,3981629,1957752,2023877
1-Jul-97,51,2785144,1357920,1427224
1-Jul-97,52,2855535,1392897,1462638
1-Jul-97,53,2831057,1376124,1454933
1-Jul-97,54,3030556,1478106,1552450
1-Jul-97,55,2606643,1263884,1342759
1-Jul-97,56,2440985,1178693,1262292
1-Jul-97,57,2342186,1126804,1215382
1-Jul-97,58,2261669,1086786,1174883
1-Jul-97,59,2252688,1079603,1173085
1-Jul-97,60,2144903,1021982,1122921
1-Jul-97,61,2053573,977347,1076226
1-Jul-97,62,2085110,989363,1095747
1-Jul-97,63,1949834,922227,1027607
1-Jul-97,64,1960615,916841,1043774
1-Jul-97,65,1950886,903717,1047169
1-Jul-97,66,2012216,926610,1085606
1-Jul-97,67,2022161,933118,1089043
1-Jul-97,68,1920791,876385,1044406
1-Jul-97,69,1943776,875944,1067832
1-Jul-97,70,1879197,828394,1050803
1-Jul-97,71,1782428,783229,999199
1-Jul-97,72,1777197,773717,1003480
1-Jul-97,73,1729265,748235,981030
1-Jul-97,74,1665957,708383,957574
1-Jul-97,75,1649537,693297,956240
1-Jul-97,76,1556914,648261,908653
1-Jul-97,77,1395791,569801,825990
1-Jul-97,78,1298103,517259,780844
1-Jul-97,79,1198485,464829,733656
1-Jul-97,80,1127620,429986,697634
1-Jul-97,81,1019106,380052,639054
1-Jul-97,82,952612,347717,604895
1-Jul-97,83,847334,295635,551699
1-Jul-97,84,766709,258477,508232
1-Jul-97,85,661574,216660,444914
1-Jul-97,86,580586,181341,399245
1-Jul-97,87,503481,152596,350885
1-Jul-97,88,434971,126462,308509
1-Jul-97,89,374575,104572,270003
1-Jul-97,90,302031,80441,221590
1-Jul-97,91,246269,62093,184176
1-Jul-97,92,208998,50819,158179
1-Jul-97,93,163311,37611,125700
1-Jul-97,94,123426,27329,96097
1-Jul-97,95,85106,18152,66954
1-Jul-97,96,71646,14315,57331
1-Jul-97,97,49111,9385,39726
1-Jul-97,98,32098,5731,26367
1-Jul-97,99,21601,3882,17719
1-Jul-97,100+,46692,8790,37902
,,,,
1-Aug-97,All Age,271714866,132550848,139164018
1-Aug-97,0,3753420,1921078,1832342
1-Aug-97,1,3760619,1923160,1837459
1-Aug-97,2,3807084,1947040,1860044
1-Aug-97,3,3888420,1990329,1898091
1-Aug-97,4,4015730,2058449,1957281
1-Aug-97,5,4102291,2099290,2003001
1-Aug-97,6,4124330,2110135,2014195
1-Aug-97,7,4152008,2125760,2026248
1-Aug-97,8,3946736,2021277,1925459
1-Aug-97,9,3959571,2028200,1931371
1-Aug-97,10,3963354,2031387,1931967
1-Aug-97,11,3928842,2012722,1916120
1-Aug-97,12,3950008,2023112,1926896
1-Aug-97,13,3842822,1967653,1875169
1-Aug-97,14,3930823,2016264,1914559
1-Aug-97,15,3986244,2048218,1938026
1-Aug-97,16,3900197,2009934,1890263
1-Aug-97,17,3962970,2047889,1915081
1-Aug-97,18,3763608,1922729,1840879
1-Aug-97,19,3730030,1883755,1846275
1-Aug-97,20,3693126,1861674,1831452
1-Aug-97,21,3470284,1746858,1723426
1-Aug-97,22,3465842,1741873,1723969
1-Aug-97,23,3405247,1708606,1696641
1-Aug-97,24,3528478,1766034,1762444
1-Aug-97,25,3775882,1890327,1885555
1-Aug-97,26,3982644,1979651,2002993
1-Aug-97,27,4088508,2038435,2050073
1-Aug-97,28,3872418,1931826,1940592
1-Aug-97,29,3905506,1947116,1958390
1-Aug-97,30,4066532,2033426,2033106
1-Aug-97,31,3986844,1982395,2004449
1-Aug-97,32,4254877,2116009,2138868
1-Aug-97,33,4366074,2167049,2199025
1-Aug-97,34,4517691,2248934,2268757
1-Aug-97,35,4663075,2324551,2338524
1-Aug-97,36,4533997,2240190,2293807
1-Aug-97,37,4580425,2267202,2313223
1-Aug-97,38,4401158,2173359,2227799
1-Aug-97,39,4535723,2242670,2293053
1-Aug-97,40,4614103,2289069,2325034
1-Aug-97,41,4262163,2098272,2163891
1-Aug-97,42,4262124,2104837,2157287
1-Aug-97,43,4112446,2018557,2093889
1-Aug-97,44,4035316,1987381,2047935
1-Aug-97,45,4029176,1986789,2042387
1-Aug-97,46,3709597,1817934,1891663
1-Aug-97,47,3730505,1830176,1900329
1-Aug-97,48,3558021,1741161,1816860
1-Aug-97,49,3669158,1798003,1871155
1-Aug-97,50,4016962,1975051,2041911
1-Aug-97,51,2825899,1378370,1447529
1-Aug-97,52,2850753,1390910,1459843
1-Aug-97,53,2827229,1374085,1453144
1-Aug-97,54,3047461,1486224,1561237
1-Aug-97,55,2639430,1280473,1358957
1-Aug-97,56,2442017,1178847,1263170
1-Aug-97,57,2355190,1133360,1221830
1-Aug-97,58,2260866,1086378,1174488
1-Aug-97,59,2257710,1082039,1175671
1-Aug-97,60,2155654,1027352,1128302
1-Aug-97,61,2051492,976445,1075047
1-Aug-97,62,2084751,989166,1095585
1-Aug-97,63,1964133,929146,1034987
1-Aug-97,64,1954021,914185,1039836
1-Aug-97,65,1949278,903211,1046067
1-Aug-97,66,2002687,922320,1080367
1-Aug-97,67,2025589,934150,1091439
1-Aug-97,68,1920437,877224,1043213
1-Aug-97,69,1937950,873515,1064435
1-Aug-97,70,1886139,832349,1053790
1-Aug-97,71,1782072,783261,998811
1-Aug-97,72,1774071,772403,1001668
1-Aug-97,73,1732750,749869,982881
1-Aug-97,74,1667959,709559,958400
1-Aug-97,75,1644958,691205,953753
1-Aug-97,76,1562305,650578,911727
1-Aug-97,77,1404034,573658,830376
1-Aug-97,78,1299826,518296,781530
1-Aug-97,79,1202211,466724,735487
1-Aug-97,80,1129091,430477,698614
1-Aug-97,81,1020344,380901,639443
1-Aug-97,82,954248,348688,605560
1-Aug-97,83,850277,297014,553263
1-Aug-97,84,767497,259065,508432
1-Aug-97,85,665936,218101,447835
1-Aug-97,86,582060,182335,399725
1-Aug-97,87,505351,153039,352312
1-Aug-97,88,436242,126955,309287
1-Aug-97,89,375682,105016,270666
1-Aug-97,90,303849,80971,222878
1-Aug-97,91,246837,62318,184519
1-Aug-97,92,208824,50801,158023
1-Aug-97,93,164695,37957,126738
1-Aug-97,94,124011,27481,96530
1-Aug-97,95,85862,18303,67559
1-Aug-97,96,71046,14220,56826
1-Aug-97,97,50196,9606,40590
1-Aug-97,98,32307,5784,26523
1-Aug-97,99,21685,3894,17791
1-Aug-97,100+,46945,8824,38121
,,,,
1-Sep-97,All Age,272031633,132711669,139319964
1-Sep-97,0,3746351,1917363,1828988
1-Sep-97,1,3756989,1921103,1835886
1-Sep-97,2,3806462,1947113,1859349
1-Sep-97,3,3890832,1991606,1899226
1-Sep-97,4,4019078,2059759,1959319
1-Sep-97,5,4086221,2091574,1994647
1-Sep-97,6,4120188,2107507,2012681
1-Sep-97,7,4162174,2131059,2031115
1-Sep-97,8,3961224,2028694,1932530
1-Sep-97,9,3981115,2039363,1941752
1-Sep-97,10,3962462,2030888,1931574
1-Sep-97,11,3925797,2010967,1914830
1-Sep-97,12,3954672,2025831,1928841
1-Sep-97,13,3854730,1973562,1881168
1-Sep-97,14,3926944,2014416,1912528
1-Sep-97,15,3991108,2050573,1940535
1-Sep-97,16,3895626,2007533,1888093
1-Sep-97,17,3979098,2056155,1922943
1-Sep-97,18,3772416,1924850,1847566
1-Sep-97,19,3732369,1884210,1848159
1-Sep-97,20,3712249,1871179,1841070
1-Sep-97,21,3476580,1750467,1726113
1-Sep-97,22,3464637,1742221,1722416
1-Sep-97,23,3414791,1713824,1700967
1-Sep-97,24,3525274,1765019,1760255
1-Sep-97,25,3760746,1883751,1876995
1-Sep-97,26,3962018,1969126,1992892
1-Sep-97,27,4109442,2048555,2060887
1-Sep-97,28,3885612,1938781,1946831
1-Sep-97,29,3906987,1947933,1959054
1-Sep-97,30,4060701,2031269,2029432
1-Sep-97,31,3972383,1974946,1997437
1-Sep-97,32,4246225,2112455,2133770
1-Sep-97,33,4353565,2160312,2193253
1-Sep-97,34,4506635,2243476,2263159
1-Sep-97,35,4668470,2327502,2340968
1-Sep-97,36,4508575,2227516,2281059
1-Sep-97,37,4614031,2284101,2329930
1-Sep-97,38,4411371,2178671,2232700
1-Sep-97,39,4522051,2235664,2286387
1-Sep-97,40,4615718,2290207,2325511
1-Sep-97,41,4274740,2104407,2170333
1-Sep-97,42,4276225,2112425,2163800
1-Sep-97,43,4121570,2023418,2098152
1-Sep-97,44,4039080,1989035,2050045
1-Sep-97,45,4056959,2000651,2056308
1-Sep-97,46,3699794,1812940,1886854
1-Sep-97,47,3754571,1842662,1911909
1-Sep-97,48,3556389,1740161,1816228
1-Sep-97,49,3671523,1798918,1872605
1-Sep-97,50,4026622,1979701,2046921
1-Sep-97,51,2890850,1410683,1480167
1-Sep-97,52,2849499,1390652,1458847
1-Sep-97,53,2819820,1370342,1449478
1-Sep-97,54,3056143,1490323,1565820
1-Sep-97,55,2682758,1302193,1380565
1-Sep-97,56,2443097,1179044,1264053
1-Sep-97,57,2368180,1139917,1228263
1-Sep-97,58,2260102,1085999,1174103
1-Sep-97,59,2262755,1084490,1178265
1-Sep-97,60,2166449,1032750,1133699
1-Sep-97,61,2049444,975571,1073873
1-Sep-97,62,2084445,989004,1095441
1-Sep-97,63,1978437,936061,1042376
1-Sep-97,64,1947510,911582,1035928
1-Sep-97,65,1947745,902747,1044998
1-Sep-97,66,1993247,918087,1075160
1-Sep-97,67,2029097,935233,1093864
1-Sep-97,68,1920158,878090,1042068
1-Sep-97,69,1932247,871155,1061092
1-Sep-97,70,1893135,836326,1056809
1-Sep-97,71,1781833,783361,998472
1-Sep-97,72,1771053,771142,999911
1-Sep-97,73,1736331,751548,984783
1-Sep-97,74,1670013,710764,959249
1-Sep-97,75,1640560,689215,951345
1-Sep-97,76,1567792,652939,914853
1-Sep-97,77,1412329,577529,834800
1-Sep-97,78,1301660,519378,782282
1-Sep-97,79,1206029,468647,737382
1-Sep-97,80,1130651,430999,699652
1-Sep-97,81,1021667,381770,639897
1-Sep-97,82,956000,349696,606304
1-Sep-97,83,853280,298401,554879
1-Sep-97,84,768359,259666,508693
1-Sep-97,85,670318,219533,450785
1-Sep-97,86,583578,183317,400261
1-Sep-97,87,507257,153488,353769
1-Sep-97,88,437538,127442,310096
1-Sep-97,89,376809,105454,271355
1-Sep-97,90,305653,81493,224160
1-Sep-97,91,247399,62529,184870
1-Sep-97,92,208665,50784,157881
1-Sep-97,93,166050,38281,127769
1-Sep-97,94,124568,27622,96946
1-Sep-97,95,86581,18444,68137
1-Sep-97,96,70459,14122,56337
1-Sep-97,97,51225,9812,41413
1-Sep-97,98,32493,5834,26659
1-Sep-97,99,21757,3900,17857
1-Sep-97,100+,47218,8891,38327
,,,,
1-Oct-97,All Age,272334748,132868754,139465994
1-Oct-97,0,3742642,1916570,1826072
1-Oct-97,1,3754824,1919012,1835812
1-Oct-97,2,3807036,1947628,1859408
1-Oct-97,3,3883253,1987605,1895648
1-Oct-97,4,4020729,2060416,1960313
1-Oct-97,5,4079266,2088632,1990634
1-Oct-97,6,4118980,2106553,2012427
1-Oct-97,7,4167528,2133648,2033880
1-Oct-97,8,3973568,2035022,1938546
1-Oct-97,9,3992265,2045222,1947043
1-Oct-97,10,3963781,2031529,1932252
1-Oct-97,11,3928362,2012096,1916266
1-Oct-97,12,3962731,2030278,1932453
1-Oct-97,13,3867164,1979761,1887403
1-Oct-97,14,3915436,2008671,1906765
1-Oct-97,15,4003429,2056779,1946650
1-Oct-97,16,3883106,2001062,1882044
1-Oct-97,17,4005402,2070076,1935326
1-Oct-97,18,3782203,1929106,1853097
1-Oct-97,19,3732747,1884187,1848560
1-Oct-97,20,3722723,1876481,1846242
1-Oct-97,21,3489341,1757050,1732291
1-Oct-97,22,3458299,1739699,1718600
1-Oct-97,23,3431703,1722687,1709016
1-Oct-97,24,3515756,1760826,1754930
1-Oct-97,25,3740390,1874397,1865993
1-Oct-97,26,3937792,1956903,1980889
1-Oct-97,27,4139976,2063420,2076556
1-Oct-97,28,3895726,1944114,1951612
1-Oct-97,29,3906850,1947898,1958952
1-Oct-97,30,4051524,2027392,2024132
1-Oct-97,31,3958771,1967967,1990804
1-Oct-97,32,4233082,2106603,2126479
1-Oct-97,33,4344069,2155257,2188812
1-Oct-97,34,4503917,2242155,2261762
1-Oct-97,35,4670838,2328942,2341896
1-Oct-97,36,4480090,2213418,2266672
1-Oct-97,37,4645467,2299884,2345583
1-Oct-97,38,4407735,2177164,2230571
1-Oct-97,39,4523907,2236250,2287657
1-Oct-97,40,4621511,2293473,2328038
1-Oct-97,41,4284092,2109002,2175090
1-Oct-97,42,4289595,2119693,2169902
1-Oct-97,43,4134672,2030181,2104491
1-Oct-97,44,4040855,1989694,2051161
1-Oct-97,45,4083063,2013760,2069303
1-Oct-97,46,3694643,1810263,1884380
1-Oct-97,47,3778476,1855075,1923401
1-Oct-97,48,3552999,1738319,1814680
1-Oct-97,49,3674993,1800419,1874574
1-Oct-97,50,4013237,1973025,2040212
1-Oct-97,51,2975281,1452550,1522731
1-Oct-97,52,2856785,1394478,1462307
1-Oct-97,53,2806792,1363902,1442890
1-Oct-97,54,3046906,1485683,1561223
1-Oct-97,55,2740532,1330973,1409559
1-Oct-97,56,2444130,1179250,1264880
1-Oct-97,57,2380722,1146254,1234468
1-Oct-97,58,2259345,1085626,1173719
1-Oct-97,59,2267632,1086880,1180752
1-Oct-97,60,2176858,1037966,1138892
1-Oct-97,61,2047469,974736,1072733
1-Oct-97,62,2084148,988849,1095299
1-Oct-97,63,1992280,942766,1049514
1-Oct-97,64,1941227,909094,1032133
1-Oct-97,65,1946266,902295,1043971
1-Oct-97,66,1984158,914034,1070124
1-Oct-97,67,2032518,936307,1096211
1-Oct-97,68,1919891,878935,1040956
1-Oct-97,69,1926805,868925,1057880
1-Oct-97,70,1899892,840175,1059717
1-Oct-97,71,1781618,783489,998129
1-Oct-97,72,1768168,769949,998219
1-Oct-97,73,1739777,753181,986596
1-Oct-97,74,1672033,711947,960086
1-Oct-97,75,1636352,687324,949028
1-Oct-97,76,1573089,655226,917863
1-Oct-97,77,1420324,581252,839072
1-Oct-97,78,1303416,520432,782984
1-Oct-97,79,1209686,470491,739195
1-Oct-97,80,1132148,431504,700644
1-Oct-97,81,1022931,382607,640324
1-Oct-97,82,957676,350655,607021
1-Oct-97,83,856142,299717,556425
1-Oct-97,84,769136,260222,508914
1-Oct-97,85,674473,220879,453594
1-Oct-97,86,584999,184248,400751
1-Oct-97,87,509013,153889,355124
1-Oct-97,88,438742,127896,310846
1-Oct-97,89,377825,105854,271971
1-Oct-97,90,307305,81958,225347
1-Oct-97,91,247884,62713,185171
1-Oct-97,92,208445,50740,157705
1-Oct-97,93,167254,38572,128682
1-Oct-97,94,125050,27749,97301
1-Oct-97,95,87189,18553,68636
1-Oct-97,96,69879,14028,55851
1-Oct-97,97,52151,9999,42152
1-Oct-97,98,32634,5874,26760
1-Oct-97,99,21803,3906,17897
1-Oct-97,100+,47425,8958,38467
,,,,
1-Nov-97,All Age,272616066,133017041,139599025
1-Nov-97,0,3735609,1913607,1822002
1-Nov-97,1,3761074,1922405,1838669
1-Nov-97,2,3807143,1947718,1859425
1-Nov-97,3,3881382,1985912,1895470
1-Nov-97,4,4011236,2055389,1955847
1-Nov-97,5,4075150,2087708,1987442
1-Nov-97,6,4115381,2103523,2011858
1-Nov-97,7,4176332,2138330,2038002
1-Nov-97,8,3991238,2044048,1947190
1-Nov-97,9,3995837,2047208,1948629
1-Nov-97,10,3972076,2035739,1936337
1-Nov-97,11,3923765,2009534,1914231
1-Nov-97,12,3967233,2032940,1934293
1-Nov-97,13,3883855,1988144,1895711
1-Nov-97,14,3907381,2004695,1902686
1-Nov-97,15,4014400,2062298,1952102
1-Nov-97,16,3869352,1993954,1875398
1-Nov-97,17,4024123,2079973,1944150
1-Nov-97,18,3797890,1937294,1860596
1-Nov-97,19,3735308,1885674,1849634
1-Nov-97,20,3731896,1881371,1850525
1-Nov-97,21,3502704,1763858,1738846
1-Nov-97,22,3448483,1735269,1713214
1-Nov-97,23,3450523,1732451,1718072
1-Nov-97,24,3508772,1758003,1750769
1-Nov-97,25,3719538,1864546,1854992
1-Nov-97,26,3915636,1946085,1969551
1-Nov-97,27,4161873,2074097,2087776
1-Nov-97,28,3906453,1949482,1956971
1-Nov-97,29,3909655,1949574,1960081
1-Nov-97,30,4044315,2024469,2019846
1-Nov-97,31,3951494,1964270,1987224
1-Nov-97,32,4213410,2097354,2116056
1-Nov-97,33,4335834,2150994,2184840
1-Nov-97,34,4497806,2239096,2258710
1-Nov-97,35,4675762,2331736,2344026
1-Nov-97,36,4462393,2204685,2257708
1-Nov-97,37,4667344,2310952,2356392
1-Nov-97,38,4400833,2174179,2226654
1-Nov-97,39,4521019,2234606,2286413
1-Nov-97,40,4632161,2299176,2332985
1-Nov-97,41,4296549,2115124,2181425
1-Nov-97,42,4301246,2126109,2175137
1-Nov-97,43,4154666,2040319,2114347
1-Nov-97,44,4036257,1987310,2048947
1-Nov-97,45,4101463,2023065,2078398
1-Nov-97,46,3693880,1809723,1884157
1-Nov-97,47,3799145,1865882,1933263
1-Nov-97,48,3553668,1738527,1815141
1-Nov-97,49,3675310,1800374,1874936
1-Nov-97,50,3985244,1959062,2026182
1-Nov-97,51,3077498,1503259,1574239
1-Nov-97,52,2859845,1396198,1463647
1-Nov-97,53,2799353,1360129,1439224
1-Nov-97,54,3022737,1473716,1549021
1-Nov-97,55,2795121,1358232,1436889
1-Nov-97,56,2449896,1181779,1268117
1-Nov-97,57,2390614,1151171,1239443
1-Nov-97,58,2260077,1085980,1174097
1-Nov-97,59,2271987,1089042,1182945
1-Nov-97,60,2189151,1044111,1145040
1-Nov-97,61,2046278,974224,1072054
1-Nov-97,62,2081202,987406,1093796
1-Nov-97,63,2008111,950344,1057767
1-Nov-97,64,1934665,906421,1028244
1-Nov-97,65,1946264,902599,1043665
1-Nov-97,66,1975045,909811,1065234
1-Nov-97,67,2032730,935892,1096838
1-Nov-97,68,1921218,880591,1040627
1-Nov-97,69,1920675,866203,1054472
1-Nov-97,70,1906107,843748,1062359
1-Nov-97,71,1781757,783742,998015
1-Nov-97,72,1763683,768073,995610
1-Nov-97,73,1742309,754374,987935
1-Nov-97,74,1674548,713250,961298
1-Nov-97,75,1631696,685244,946452
1-Nov-97,76,1576165,656399,919766
1-Nov-97,77,1429148,585524,843624
1-Nov-97,78,1304610,521074,783536
1-Nov-97,79,1212603,472007,740596
1-Nov-97,80,1133942,432102,701840
1-Nov-97,81,1023960,383309,640651
1-Nov-97,82,958511,351314,607197
1-Nov-97,83,858839,301004,557835
1-Nov-97,84,769537,260598,508939
1-Nov-97,85,678452,222160,456292
1-Nov-97,86,585869,184990,400879
1-Nov-97,87,510487,154277,356210
1-Nov-97,88,439924,128350,311574
1-Nov-97,89,378615,106179,272436
1-Nov-97,90,309067,82477,226590
1-Nov-97,91,248315,62910,185405
1-Nov-97,92,208014,50660,157354
1-Nov-97,93,168417,38849,129568
1-Nov-97,94,125503,27881,97622
1-Nov-97,95,87948,18701,69247
1-Nov-97,96,69180,13910,55270
1-Nov-97,97,52970,10166,42804
1-Nov-97,98,32897,5938,26959
1-Nov-97,99,21867,3914,17953
1-Nov-97,100+,47562,8968,38594
,,,,
1-Dec-97,All Age,272866733,133148786,139717947
1-Dec-97,0,3732978,1912707,1820271
1-Dec-97,1,3759837,1921404,1838433
1-Dec-97,2,3799041,1943881,1855160
1-Dec-97,3,3885227,1987527,1897700
1-Dec-97,4,4006739,2052920,1953819
1-Dec-97,5,4074583,2088125,1986458
1-Dec-97,6,4106481,2098680,2007801
1-Dec-97,7,4183843,2141889,2041954
1-Dec-97,8,4007059,2052116,1954943
1-Dec-97,9,4002702,2050863,1951839
1-Dec-97,10,3986427,2043047,1943380
1-Dec-97,11,3914587,2004639,1909948
1-Dec-97,12,3974910,2037193,1937717
1-Dec-97,13,3890233,1991248,1898985
1-Dec-97,14,3902594,2002389,1900205
1-Dec-97,15,4025320,2067790,1957530
1-Dec-97,16,3860133,1989168,1870965
1-Dec-97,17,4035894,2086424,1949470
1-Dec-97,18,3812672,1945174,1867498
1-Dec-97,19,3740131,1887907,1852224
1-Dec-97,20,3738405,1884657,1853748
1-Dec-97,21,3518996,1771995,1747001
1-Dec-97,22,3443496,1733243,1710253
1-Dec-97,23,3459413,1737174,1722239
1-Dec-97,24,3498724,1753523,1745201
1-Dec-97,25,3709873,1860336,1849537
1-Dec-97,26,3886257,1931731,1954526
1-Dec-97,27,4183350,2084353,2098997
1-Dec-97,28,3914311,1953352,1960959
1-Dec-97,29,3919788,1954814,1964974
1-Dec-97,30,4034048,2020014,2014034
1-Dec-97,31,3946581,1961668,1984913
1-Dec-97,32,4199399,2090900,2108499
1-Dec-97,33,4331147,2148364,2182783
1-Dec-97,34,4488254,2234399,2253855
1-Dec-97,35,4678395,2333253,2345142
1-Dec-97,36,4442612,2194856,2247756
1-Dec-97,37,4689599,2322088,2367511
1-Dec-97,38,4398878,2173598,2225280
1-Dec-97,39,4519206,2233486,2285720
1-Dec-97,40,4640330,2303714,2336616
1-Dec-97,41,4300397,2116946,2183451
1-Dec-97,42,4311278,2131636,2179642
1-Dec-97,43,4171857,2049113,2122744
1-Dec-97,44,4039051,1988463,2050588
1-Dec-97,45,4122915,2033817,2089098
1-Dec-97,46,3688690,1807036,1881654
1-Dec-97,47,3819588,1876525,1943063
1-Dec-97,48,3551229,1737211,1814018
1-Dec-97,49,3678428,1801723,1876705
1-Dec-97,50,3943628,1938441,2005187
1-Dec-97,51,3185637,1556801,1628836
1-Dec-97,52,2856522,1394776,1461746
1-Dec-97,53,2803458,1361958,1441500
1-Dec-97,54,2998858,1461876,1536982
1-Dec-97,55,2837757,1379638,1458119
1-Dec-97,56,2455431,1184212,1271219
1-Dec-97,57,2400145,1155900,1244245
1-Dec-97,58,2260756,1086309,1174447
1-Dec-97,59,2276168,1091128,1185040
1-Dec-97,60,2200994,1050034,1150960
1-Dec-97,61,2045099,973722,1071377
1-Dec-97,62,2078325,985995,1092330
1-Dec-97,63,2023360,957649,1065711
1-Dec-97,64,1928263,903813,1024450
1-Dec-97,65,1946187,902863,1043324
1-Dec-97,66,1966189,905724,1060465
1-Dec-97,67,2032852,935452,1097400
1-Dec-97,68,1922415,882157,1040258
1-Dec-97,69,1914722,863560,1051162
1-Dec-97,70,1911971,847124,1064847
1-Dec-97,71,1781787,783942,997845
1-Dec-97,72,1759253,766228,993025
1-Dec-97,73,1744584,755449,989135
1-Dec-97,74,1676799,714426,962373
1-Dec-97,75,1627082,683189,943893
1-Dec-97,76,1578958,657449,921509
1-Dec-97,77,1437448,589548,847900
1-Dec-97,78,1305583,521618,783965
1-Dec-97,79,1215219,473381,741838
1-Dec-97,80,1135471,432593,702878
1-Dec-97,81,1024762,383903,640859
1-Dec-97,82,959100,351861,607239
1-Dec-97,83,861218,302145,559073
1-Dec-97,84,769705,260880,508825
1-Dec-97,85,682022,223293,458729
1-Dec-97,86,586497,185622,400875
1-Dec-97,87,511681,154576,357105
1-Dec-97,88,440857,128714,312143
1-Dec-97,89,379167,106425,272742
1-Dec-97,90,310552,82921,227631
1-Dec-97,91,248551,63045,185506
1-Dec-97,92,207447,50539,156908
1-Dec-97,93,169353,39071,130282
1-Dec-97,94,125803,27972,97831
1-Dec-97,95,88538,18806,69732
1-Dec-97,96,68442,13784,54658
1-Dec-97,97,53643,10303,43340
1-Dec-97,98,33083,5987,27096
1-Dec-97,99,21888,3918,17970
1-Dec-97,100+,47617,8987,38630
Intercensal Estimates of the United States Civilian Population by Age and Sex: 1998,,,,
,,,,
1-Jan-98,All Age,273132570,133291193,139841377
1-Jan-98,0,3738125,1915071,1823054
1-Jan-98,1,3767265,1925408,1841857
1-Jan-98,2,3788004,1938288,1849716
1-Jan-98,3,3881720,1985744,1895976
1-Jan-98,4,4001245,2049626,1951619
1-Jan-98,5,4072395,2087204,1985191
1-Jan-98,6,4111570,2101257,2010313
1-Jan-98,7,4184526,2142193,2042333
1-Jan-98,8,4025699,2061629,1964070
1-Jan-98,9,4002961,2051130,1951831
1-Jan-98,10,3994970,2047374,1947596
1-Jan-98,11,3916038,2005156,1910882
1-Jan-98,12,3987031,2043735,1943296
1-Jan-98,13,3893427,1992720,1900707
1-Jan-98,14,3902037,2002268,1899769
1-Jan-98,15,4026874,2068480,1958394
1-Jan-98,16,3849863,1983837,1866026
1-Jan-98,17,4058867,2098489,1960378
1-Jan-98,18,3822950,1951842,1871108
1-Jan-98,19,3754303,1895461,1858842
1-Jan-98,20,3738044,1884933,1853111
1-Jan-98,21,3530603,1777967,1752636
1-Jan-98,22,3447476,1735760,1711716
1-Jan-98,23,3468458,1742253,1726205
1-Jan-98,24,3484923,1747269,1737654
1-Jan-98,25,3709401,1860901,1848500
1-Jan-98,26,3840067,1908977,1931090
1-Jan-98,27,4208327,2096386,2111941
1-Jan-98,28,3927248,1959944,1967304
1-Jan-98,29,3935689,1962918,1972771
1-Jan-98,30,4026265,2016819,2009446
1-Jan-98,31,3941575,1958993,1982582
1-Jan-98,32,4184756,2084241,2100515
1-Jan-98,33,4322214,2143714,2178500
1-Jan-98,34,4478947,2229691,2249256
1-Jan-98,35,4685038,2336796,2348242
1-Jan-98,36,4413543,2180415,2233128
1-Jan-98,37,4716572,2335572,2381000
1-Jan-98,38,4397595,2173105,2224490
1-Jan-98,39,4520875,2233978,2286897
1-Jan-98,40,4643949,2305858,2338091
1-Jan-98,41,4306977,2120120,2186857
1-Jan-98,42,4323837,2138350,2185487
1-Jan-98,43,4175015,2050912,2124103
1-Jan-98,44,4053548,1995356,2058192
1-Jan-98,45,4145160,2044972,2100188
1-Jan-98,46,3681811,1803465,1878346
1-Jan-98,47,3847211,1890658,1956553
1-Jan-98,48,3545315,1734172,1811143
1-Jan-98,49,3686490,1805443,1881047
1-Jan-98,50,3895806,1914743,1981063
1-Jan-98,51,3296216,1611490,1684726
1-Jan-98,52,2852443,1393009,1459434
1-Jan-98,53,2809072,1364478,1444594
1-Jan-98,54,2974839,1449953,1524886
1-Jan-98,55,2876962,1399399,1477563
1-Jan-98,56,2461063,1186649,1274414
1-Jan-98,57,2409887,1160726,1249161
1-Jan-98,58,2261374,1086604,1174770
1-Jan-98,59,2280372,1093220,1187152
1-Jan-98,60,2213155,1056124,1157031
1-Jan-98,61,2043777,973137,1070640
1-Jan-98,62,2075225,984456,1090769
1-Jan-98,63,2038964,965114,1073850
1-Jan-98,64,1921575,901075,1020500
1-Jan-98,65,1945986,903066,1042920
1-Jan-98,66,1956925,901436,1055489
1-Jan-98,67,2032815,934912,1097903
1-Jan-98,68,1923488,883687,1039801
1-Jan-98,69,1908429,860763,1047666
1-Jan-98,70,1917769,850482,1067287
1-Jan-98,71,1781622,784050,997572
1-Jan-98,72,1754442,764207,990235
1-Jan-98,73,1746658,756426,990232
1-Jan-98,74,1678826,715506,963320
1-Jan-98,75,1622056,680950,941106
1-Jan-98,76,1581484,658371,923113
1-Jan-98,77,1445593,593484,852109
1-Jan-98,78,1306243,522035,784208
1-Jan-98,79,1217516,474618,742898
1-Jan-98,80,1136646,432922,703724
1-Jan-98,81,1025202,384347,640855
1-Jan-98,82,959326,352252,607074
1-Jan-98,83,863225,303141,560084
1-Jan-98,84,769475,261003,508472
1-Jan-98,85,685261,224287,460974
1-Jan-98,86,586752,186134,400618
1-Jan-98,87,512533,154759,357774
1-Jan-98,88,441432,128959,312473
1-Jan-98,89,379373,106570,272803
1-Jan-98,90,311714,83266,228448
1-Jan-98,91,248485,63096,185389
1-Jan-98,92,206606,50348,156258
1-Jan-98,93,170028,39227,130801
1-Jan-98,94,125888,28008,97880
1-Jan-98,95,88949,18874,70075
1-Jan-98,96,67570,13631,53939
1-Jan-98,97,54175,10414,43761
1-Jan-98,98,33168,6017,27151
1-Jan-98,99,21842,3913,17929
1-Jan-98,100+,47539,9005,38534
,,,,
1-Feb-98,All Age,273340109,133401252,139938857
1-Feb-98,0,3740339,1917071,1823268
1-Feb-98,1,3769947,1926398,1843549
1-Feb-98,2,3786749,1937777,1848972
1-Feb-98,3,3878094,1984053,1894041
1-Feb-98,4,4000027,2048396,1951631
1-Feb-98,5,4062233,2082278,1979955
1-Feb-98,6,4111209,2101728,2009481
1-Feb-98,7,4189670,2144271,2045399
1-Feb-98,8,4043540,2070836,1972704
1-Feb-98,9,4009676,2054659,1955017
1-Feb-98,10,3999972,2049798,1950174
1-Feb-98,11,3919840,2007210,1912630
1-Feb-98,12,3984359,2042344,1942015
1-Feb-98,13,3908342,2000421,1907921
1-Feb-98,14,3897100,1999623,1897477
1-Feb-98,15,4015374,2062845,1952529
1-Feb-98,16,3889255,2004113,1885142
1-Feb-98,17,4031551,2084219,1947332
1-Feb-98,18,3837397,1959331,1878066
1-Feb-98,19,3770012,1903130,1866882
1-Feb-98,20,3738701,1884973,1853728
1-Feb-98,21,3543526,1784448,1759078
1-Feb-98,22,3448848,1736214,1712634
1-Feb-98,23,3472477,1744797,1727680
1-Feb-98,24,3483048,1746217,1736831
1-Feb-98,25,3691115,1850699,1840416
1-Feb-98,26,3832161,1906543,1925618
1-Feb-98,27,4196747,2090664,2106083
1-Feb-98,28,3941707,1966815,1974892
1-Feb-98,29,3951767,1970735,1981032
1-Feb-98,30,4018459,2012911,2005548
1-Feb-98,31,3950811,1964129,1986682
1-Feb-98,32,4155833,2069265,2086568
1-Feb-98,33,4312633,2139258,2173375
1-Feb-98,34,4474697,2228062,2246635
1-Feb-98,35,4660469,2323884,2336585
1-Feb-98,36,4466021,2207513,2258508
1-Feb-98,37,4667653,2310101,2357552
1-Feb-98,38,4413112,2181569,2231543
1-Feb-98,39,4529390,2238127,2291263
1-Feb-98,40,4641746,2304320,2337426
1-Feb-98,41,4328871,2132856,2196015
1-Feb-98,42,4316908,2133103,2183805
1-Feb-98,43,4176298,2052262,2124036
1-Feb-98,44,4072777,2005259,2067518
1-Feb-98,45,4135007,2039712,2095295
1-Feb-98,46,3746208,1836184,1910024
1-Feb-98,47,3796916,1864254,1932662
1-Feb-98,48,3566329,1745511,1820818
1-Feb-98,49,3691199,1807872,1883327
1-Feb-98,50,3848642,1890720,1957922
1-Feb-98,51,3425330,1676300,1749030
1-Feb-98,52,2821804,1376834,1444970
1-Feb-98,53,2816275,1368470,1447805
1-Feb-98,54,2957675,1441393,1516282
1-Feb-98,55,2898239,1409974,1488265
1-Feb-98,56,2492009,1202305,1289704
1-Feb-98,57,2409420,1160052,1249368
1-Feb-98,58,2263720,1087924,1175796
1-Feb-98,59,2284553,1095268,1189285
1-Feb-98,60,2223960,1061525,1162435
1-Feb-98,61,2048056,975301,1072755
1-Feb-98,62,2067699,980770,1086929
1-Feb-98,63,2051737,971324,1080413
1-Feb-98,64,1920927,901069,1019858
1-Feb-98,65,1941045,901106,1039939
1-Feb-98,66,1954350,900391,1053959
1-Feb-98,67,2024866,930463,1094403
1-Feb-98,68,1924857,885353,1039504
1-Feb-98,69,1906418,859978,1046440
1-Feb-98,70,1918192,851434,1066758
1-Feb-98,71,1783118,784710,998408
1-Feb-98,72,1748378,761692,986686
1-Feb-98,73,1748346,757341,991005
1-Feb-98,74,1678991,715659,963332
1-Feb-98,75,1616787,678525,938262
1-Feb-98,76,1583234,658997,924237
1-Feb-98,77,1451767,596549,855218
1-Feb-98,78,1307156,522564,784592
1-Feb-98,79,1218950,475549,743401
1-Feb-98,80,1136878,432808,704070
1-Feb-98,81,1026901,385291,641610
1-Feb-98,82,957419,351857,605562
1-Feb-98,83,863783,303662,560121
1-Feb-98,84,769531,261250,508281
1-Feb-98,85,688120,225242,462878
1-Feb-98,86,585977,186238,399739
1-Feb-98,87,512377,154750,357627
1-Feb-98,88,442112,129291,312821
1-Feb-98,89,379519,106711,272808
1-Feb-98,90,311915,83371,228544
1-Feb-98,91,248325,63128,185197
1-Feb-98,92,205398,50107,155291
1-Feb-98,93,170511,39365,131146
1-Feb-98,94,125877,28041,97836
1-Feb-98,95,89142,18922,70220
1-Feb-98,96,66949,13526,53423
1-Feb-98,97,54240,10445,43795
1-Feb-98,98,33436,6087,27349
1-Feb-98,99,21787,3912,17875
1-Feb-98,100+,47291,8950,38341
,,,,
1-Mar-98,All Age,273555420,133517874,140037546
1-Mar-98,0,3746583,1919822,1826761
1-Mar-98,1,3759927,1921396,1838531
1-Mar-98,2,3793574,1941607,1851967
1-Mar-98,3,3872865,1981285,1891580
1-Mar-98,4,3997688,2046739,1950949
1-Mar-98,5,4052117,2077339,1974778
1-Mar-98,6,4118312,2105717,2012595
1-Mar-98,7,4190987,2144683,2046304
1-Mar-98,8,4058397,2078504,1979893
1-Mar-98,9,4007940,2053856,1954084
1-Mar-98,10,4015231,2057467,1957764
1-Mar-98,11,3925362,2010118,1915244
1-Mar-98,12,3981156,2040667,1940489
1-Mar-98,13,3909973,2001311,1908662
1-Mar-98,14,3902884,2002476,1900408
1-Mar-98,15,4004700,2057610,1947090
1-Mar-98,16,3926560,2023301,1903259
1-Mar-98,17,3995887,2065671,1930216
1-Mar-98,18,3865433,1974108,1891325
1-Mar-98,19,3783660,1910244,1873416
1-Mar-98,20,3736970,1884048,1852922
1-Mar-98,21,3553099,1789440,1763659
1-Mar-98,22,3457866,1740727,1717139
1-Mar-98,23,3476580,1747459,1729121
1-Mar-98,24,3485456,1747660,1737796
1-Mar-98,25,3661425,1835093,1826332
1-Mar-98,26,3838451,1911105,1927346
1-Mar-98,27,4178798,2081869,2096929
1-Mar-98,28,3958422,1974925,1983497
1-Mar-98,29,3954777,1972187,1982590
1-Mar-98,30,4025236,2016468,2008768
1-Mar-98,31,3954857,1966791,1988066
1-Mar-98,32,4132655,2057255,2075400
1-Mar-98,33,4290714,2128705,2162009
1-Mar-98,34,4486476,2234431,2252045
1-Mar-98,35,4634933,2310568,2324365
1-Mar-98,36,4513718,2232246,2281472
1-Mar-98,37,4611996,2281400,2330596
1-Mar-98,38,4439266,2195353,2243913
1-Mar-98,39,4535652,2241250,2294402
1-Mar-98,40,4644726,2305571,2339155
1-Mar-98,41,4334970,2137827,2197143
1-Mar-98,42,4319839,2132955,2186884
1-Mar-98,43,4184722,2057072,2127650
1-Mar-98,44,4088318,2013428,2074890
1-Mar-98,45,4109991,2027191,2082800
1-Mar-98,46,3817805,1872372,1945433
1-Mar-98,47,3754141,1841785,1912356
1-Mar-98,48,3586958,1756583,1830375
1-Mar-98,49,3679032,1802097,1876935
1-Mar-98,50,3832045,1881794,1950251
1-Mar-98,51,3531273,1729655,1801618
1-Mar-98,52,2798190,1364228,1433962
1-Mar-98,53,2813468,1367540,1445928
1-Mar-98,54,2952404,1438693,1513711
1-Mar-98,55,2912156,1416954,1495202
1-Mar-98,56,2525812,1219290,1306522
1-Mar-98,57,2402571,1156368,1246203
1-Mar-98,58,2272368,1092274,1180094
1-Mar-98,59,2288421,1097169,1191252
1-Mar-98,60,2233805,1066466,1167339
1-Mar-98,61,2046437,974655,1071782
1-Mar-98,62,2066666,980199,1086467
1-Mar-98,63,2063362,976982,1086380
1-Mar-98,64,1920505,901152,1019353
1-Mar-98,65,1931293,896900,1034393
1-Mar-98,66,1957580,902028,1055552
1-Mar-98,67,2017874,926558,1091316
1-Mar-98,68,1926252,886948,1039304
1-Mar-98,69,1899589,857037,1042552
1-Mar-98,70,1924065,854766,1069299
1-Mar-98,71,1784675,785416,999259
1-Mar-98,72,1743134,759549,983585
1-Mar-98,73,1745403,756265,989138
1-Mar-98,74,1684040,717918,966122
1-Mar-98,75,1612313,676489,935824
1-Mar-98,76,1585049,659689,925360
1-Mar-98,77,1453781,597883,855898
1-Mar-98,78,1311968,524672,787296
1-Mar-98,79,1220465,476480,743985
1-Mar-98,80,1137311,432812,704499
1-Mar-98,81,1025937,385222,640715
1-Mar-98,82,958656,352605,606051
1-Mar-98,83,864472,304202,560270
1-Mar-98,84,769766,261531,508235
1-Mar-98,85,689122,225591,463531
1-Mar-98,86,587139,186930,400209
1-Mar-98,87,512363,154775,357588
1-Mar-98,88,442822,129607,313215
1-Mar-98,89,378792,106603,272189
1-Mar-98,90,313090,83732,229358
1-Mar-98,91,248229,63163,185066
1-Mar-98,92,204364,49896,154468
1-Mar-98,93,170555,39395,131160
1-Mar-98,94,126270,28161,98109
1-Mar-98,95,89306,18959,70347
1-Mar-98,96,66414,13438,52976
1-Mar-98,97,54281,10466,43815
1-Mar-98,98,33651,6147,27504
1-Mar-98,99,21730,3908,17822
1-Mar-98,100+,47101,8932,38169
,,,,
1-Apr-98,All Age,273821119,133659340,140161779
1-Apr-98,0,3753317,1923421,1829896
1-Apr-98,1,3758633,1920298,1838335
1-Apr-98,2,3788280,1938532,1849748
1-Apr-98,3,3862885,1976393,1886492
1-Apr-98,4,3996398,2046149,1950249
1-Apr-98,5,4055702,2079290,1976412
1-Apr-98,6,4114736,2103688,2011048
1-Apr-98,7,4189986,2144488,2045498
1-Apr-98,8,4071991,2085534,1986457
1-Apr-98,9,4022161,2061241,1960920
1-Apr-98,10,4019500,2059498,1960002
1-Apr-98,11,3935792,2015566,1920226
1-Apr-98,12,3978091,2039069,1939022
1-Apr-98,13,3919435,2006227,1913208
1-Apr-98,14,3896444,1999049,1897395
1-Apr-98,15,3998550,2054746,1943804
1-Apr-98,16,3968008,2044641,1923367
1-Apr-98,17,3970293,2052408,1917885
1-Apr-98,18,3884035,1984564,1899471
1-Apr-98,19,3799764,1919042,1880722
1-Apr-98,20,3735636,1883777,1851859
1-Apr-98,21,3576639,1801614,1775025
1-Apr-98,22,3458303,1740875,1717428
1-Apr-98,23,3483545,1751582,1731963
1-Apr-98,24,3481189,1745708,1735481
1-Apr-98,25,3650577,1828749,1821828
1-Apr-98,26,3832954,1910029,1922925
1-Apr-98,27,4157378,2071224,2086154
1-Apr-98,28,3976070,1983603,1992467
1-Apr-98,29,3968871,1979067,1989804
1-Apr-98,30,4018861,2013393,2005468
1-Apr-98,31,3958852,1969509,1989343
1-Apr-98,32,4109333,2045126,2064207
1-Apr-98,33,4286643,2127154,2159489
1-Apr-98,34,4481465,2232435,2249030
1-Apr-98,35,4604157,2294599,2309558
1-Apr-98,36,4567141,2259823,2307318
1-Apr-98,37,4565386,2257010,2308376
1-Apr-98,38,4450836,2201964,2248872
1-Apr-98,39,4550544,2248561,2301983
1-Apr-98,40,4643731,2304794,2338937
1-Apr-98,41,4353334,2148838,2204496
1-Apr-98,42,4315573,2129011,2186562
1-Apr-98,43,4198552,2064549,2134003
1-Apr-98,44,4106817,2023027,2083790
1-Apr-98,45,4086058,2015149,2070909
1-Apr-98,46,3879950,1904067,1975883
1-Apr-98,47,3716116,1821446,1894670
1-Apr-98,48,3603828,1765902,1837926
1-Apr-98,49,3679765,1802610,1877155
1-Apr-98,50,3806003,1868225,1937778
1-Apr-98,51,3640397,1784681,1855716
1-Apr-98,52,2778980,1353676,1425304
1-Apr-98,53,2822755,1372578,1450177
1-Apr-98,54,2934142,1429683,1504459
1-Apr-98,55,2924634,1423195,1501439
1-Apr-98,56,2559556,1236377,1323179
1-Apr-98,57,2402427,1155878,1246549
1-Apr-98,58,2275010,1093744,1181266
1-Apr-98,59,2292963,1099417,1193546
1-Apr-98,60,2244968,1072069,1172899
1-Apr-98,61,2051067,977015,1074052
1-Apr-98,62,2059562,976748,1082814
1-Apr-98,63,2076544,983392,1093152
1-Apr-98,64,1920343,901424,1018919
1-Apr-98,65,1926851,895186,1031665
1-Apr-98,66,1955522,901249,1054273
1-Apr-98,67,2010552,922450,1088102
1-Apr-98,68,1928208,888909,1039299
1-Apr-98,69,1898372,856647,1041725
1-Apr-98,70,1925184,856061,1069123
1-Apr-98,71,1786929,786454,1000475
1-Apr-98,72,1737908,757443,980465
1-Apr-98,73,1747949,757591,990358
1-Apr-98,74,1685024,718461,966563
1-Apr-98,75,1608048,674552,933496
1-Apr-98,76,1587739,660759,926980
1-Apr-98,77,1460840,601322,859518
1-Apr-98,78,1313794,525599,788195
1-Apr-98,79,1222807,477781,745026
1-Apr-98,80,1138474,433073,705401
1-Apr-98,81,1028527,386499,642028
1-Apr-98,82,957734,352572,605162
1-Apr-98,83,865906,305007,560899
1-Apr-98,84,770657,262038,508619
1-Apr-98,85,692746,226768,465978
1-Apr-98,86,587093,187222,399871
1-Apr-98,87,512901,154943,357958
1-Apr-98,88,444094,130071,314023
1-Apr-98,89,379509,106877,272632
1-Apr-98,90,313761,83935,229826
1-Apr-98,91,248464,63260,185204
1-Apr-98,92,203543,49719,153824
1-Apr-98,93,171314,39573,131741
1-Apr-98,94,126468,28222,98246
1-Apr-98,95,89639,19018,70621
1-Apr-98,96,65947,13354,52593
1-Apr-98,97,54427,10500,43927
1-Apr-98,98,33941,6217,27724
1-Apr-98,99,21712,3909,17803
1-Apr-98,100+,47079,8958,38121
,,,,
1-May-98,All Age,274088073,133799665,140288408
1-May-98,0,3759134,1926496,1832638
1-May-98,1,3760247,1921054,1839193
1-May-98,2,3792028,1940428,1851600
1-May-98,3,3855682,1972616,1883066
1-May-98,4,3987855,2041868,1945987
1-May-98,5,4050232,2076494,1973738
1-May-98,6,4113763,2103151,2010612
1-May-98,7,4190869,2145253,2045616
1-May-98,8,4091874,2095526,1996348
1-May-98,9,4032738,2066645,1966093
1-May-98,10,4020868,2060326,1960542
1-May-98,11,3940341,2017852,1922489
1-May-98,12,3980648,2040219,1940429
1-May-98,13,3938072,2016012,1922060
1-May-98,14,3888756,1994946,1893810
1-May-98,15,4002258,2056813,1945445
1-May-98,16,3977946,2049580,1928366
1-May-98,17,3957969,2046024,1911945
1-May-98,18,3914881,2001528,1913353
1-May-98,19,3817147,1928353,1888794
1-May-98,20,3726983,1879381,1847602
1-May-98,21,3596198,1811380,1784818
1-May-98,22,3453837,1738691,1715146
1-May-98,23,3491489,1755775,1735714
1-May-98,24,3482593,1746602,1735991
1-May-98,25,3647249,1827682,1819567
1-May-98,26,3807631,1898206,1909425
1-May-98,27,4155709,2069999,2085710
1-May-98,28,3990395,1990803,1999592
1-May-98,29,3978766,1984342,1994424
1-May-98,30,4026227,2017353,2008874
1-May-98,31,3942554,1961778,1980776
1-May-98,32,4103977,2042161,2061816
1-May-98,33,4274062,2121502,2152560
1-May-98,34,4471118,2226753,2244365
1-May-98,35,4600245,2292745,2307500
1-May-98,36,4568271,2260434,2307837
1-May-98,37,4557589,2253014,2304575
1-May-98,38,4466084,2209569,2256515
1-May-98,39,4549792,2248097,2301695
1-May-98,40,4640964,2303464,2337500
1-May-98,41,4377227,2160911,2216316
1-May-98,42,4313305,2127726,2185579
1-May-98,43,4211164,2071339,2139825
1-May-98,44,4125092,2032074,2093018
1-May-98,45,4080873,2012601,2068272
1-May-98,46,3884636,1906373,1978263
1-May-98,47,3737964,1832159,1905805
1-May-98,48,3610170,1769569,1840601
1-May-98,49,3667078,1796181,1870897
1-May-98,50,3793996,1862124,1931872
1-May-98,51,3712686,1820104,1892582
1-May-98,52,2781799,1355515,1426284
1-May-98,53,2831614,1377067,1454547
1-May-98,54,2911658,1418566,1493092
1-May-98,55,2948514,1434856,1513658
1-May-98,56,2561386,1237500,1323886
1-May-98,57,2413478,1161322,1252156
1-May-98,58,2284808,1098583,1186225
1-May-98,59,2291194,1098568,1192626
1-May-98,60,2251729,1075480,1176249
1-May-98,61,2056636,979820,1076816
1-May-98,62,2059790,976989,1082801
1-May-98,63,2078553,984171,1094382
1-May-98,64,1928111,905308,1022803
1-May-98,65,1926210,895366,1030844
1-May-98,66,1944262,896030,1048232
1-May-98,67,2009261,922215,1087046
1-May-98,68,1930113,889347,1040766
1-May-98,69,1895157,856088,1039069
1-May-98,70,1923179,855265,1067914
1-May-98,71,1790141,788862,1001279
1-May-98,72,1737917,757499,980418
1-May-98,73,1746931,757217,989714
1-May-98,74,1687487,719630,967857
1-May-98,75,1608666,675064,933602
1-May-98,76,1584097,659129,924968
1-May-98,77,1467604,604174,863430
1-May-98,78,1319231,528307,790924
1-May-98,79,1224395,478647,745748
1-May-98,80,1142268,434965,707303
1-May-98,81,1028816,386636,642180
1-May-98,82,958499,353185,605314
1-May-98,83,867611,305873,561738
1-May-98,84,772347,263037,509310
1-May-98,85,694115,227413,466702
1-May-98,86,590276,188347,401929
1-May-98,87,514576,155860,358716
1-May-98,88,445107,130303,314804
1-May-98,89,380420,107277,273143
1-May-98,90,314436,84224,230212
1-May-98,91,249874,63704,186170
1-May-98,92,204009,49899,154110
1-May-98,93,171215,39582,131633
1-May-98,94,127298,28440,98858
1-May-98,95,90053,19112,70941
1-May-98,96,66122,13400,52722
1-May-98,97,54302,10493,43809
1-May-98,98,34560,6346,28214
1-May-98,99,21804,3936,17868
1-May-98,100+,47212,8972,38240
,,,,
1-Jun-98,All Age,274363705,133942549,140421156
1-Jun-98,0,3758821,1926240,1832581
1-Jun-98,1,3764682,1923261,1841421
1-Jun-98,2,3783849,1935553,1848296
1-Jun-98,3,3860764,1975309,1885455
1-Jun-98,4,3983305,2039425,1943880
1-Jun-98,5,4042965,2073515,1969450
1-Jun-98,6,4105976,2099544,2006432
1-Jun-98,7,4191497,2145462,2046035
1-Jun-98,8,4112138,2105725,2006413
1-Jun-98,9,4043987,2072399,1971588
1-Jun-98,10,4027173,2063691,1963482
1-Jun-98,11,3944976,2020177,1924799
1-Jun-98,12,3978882,2039135,1939747
1-Jun-98,13,3959061,2027016,1932045
1-Jun-98,14,3885606,1993160,1892446
1-Jun-98,15,3999958,2055792,1944166
1-Jun-98,16,3992307,2056793,1935514
1-Jun-98,17,3949465,2041609,1907856
1-Jun-98,18,3935818,2013349,1922469
1-Jun-98,19,3833774,1937281,1896493
1-Jun-98,20,3723011,1877483,1845528
1-Jun-98,21,3619584,1822708,1796876
1-Jun-98,22,3445261,1733926,1711335
1-Jun-98,23,3499185,1759834,1739351
1-Jun-98,24,3487752,1749273,1738479
1-Jun-98,25,3634273,1821638,1812635
1-Jun-98,26,3800888,1895678,1905210
1-Jun-98,27,4139779,2061634,2078145
1-Jun-98,28,4010430,2000836,2009594
1-Jun-98,29,3979199,1984966,1994233
1-Jun-98,30,4028007,2018529,2009478
1-Jun-98,31,3941873,1961992,1979881
1-Jun-98,32,4090211,2034990,2055221
1-Jun-98,33,4261725,2115985,2145740
1-Jun-98,34,4463256,2222260,2240996
1-Jun-98,35,4600872,2293175,2307697
1-Jun-98,36,4569956,2261359,2308597
1-Jun-98,37,4551217,2249729,2301488
1-Jun-98,38,4480967,2217020,2263947
1-Jun-98,39,4538545,2242463,2296082
1-Jun-98,40,4641269,2303688,2337581
1-Jun-98,41,4408320,2176434,2231886
1-Jun-98,42,4300326,2121200,2179126
1-Jun-98,43,4227375,2079916,2147459
1-Jun-98,44,4136109,2037560,2098549
1-Jun-98,45,4088749,2016491,2072258
1-Jun-98,46,3880745,1904428,1976317
1-Jun-98,47,3758754,1842356,1916398
1-Jun-98,48,3623680,1776795,1846885
1-Jun-98,49,3671296,1798009,1873287
1-Jun-98,50,3764752,1847516,1917236
1-Jun-98,51,3783358,1854712,1928646
1-Jun-98,52,2790503,1360252,1430251
1-Jun-98,53,2838629,1380683,1457946
1-Jun-98,54,2897432,1411482,1485950
1-Jun-98,55,2969320,1444984,1524336
1-Jun-98,56,2560275,1237267,1323008
1-Jun-98,57,2424939,1166972,1257967
1-Jun-98,58,2294991,1103615,1191376
1-Jun-98,59,2289449,1097730,1191719
1-Jun-98,60,2258785,1079042,1179743
1-Jun-98,61,2062457,982773,1079684
1-Jun-98,62,2060086,977267,1082819
1-Jun-98,63,2080723,985022,1095701
1-Jun-98,64,1936223,909363,1026860
1-Jun-98,65,1925652,895600,1030052
1-Jun-98,66,1932755,890710,1042045
1-Jun-98,67,2008051,922024,1086027
1-Jun-98,68,1932220,889874,1042346
1-Jun-98,69,1891995,855582,1036413
1-Jun-98,70,1921245,854500,1066745
1-Jun-98,71,1793617,791425,1002192
1-Jun-98,72,1738069,757624,980445
1-Jun-98,73,1746062,756903,989159
1-Jun-98,74,1690166,720891,969275
1-Jun-98,75,1609508,675682,933826
1-Jun-98,76,1580566,657537,923029
1-Jun-98,77,1474757,607168,867589
1-Jun-98,78,1325000,531160,793840
1-Jun-98,79,1226227,479602,746625
1-Jun-98,80,1146347,436960,709387
1-Jun-98,81,1029304,386834,642470
1-Jun-98,82,959501,353875,605626
1-Jun-98,83,869551,306808,562743
1-Jun-98,84,774239,264085,510154
1-Jun-98,85,695686,228100,467586
1-Jun-98,86,593664,189518,404146
1-Jun-98,87,516424,156812,359612
1-Jun-98,88,446249,130546,315703
1-Jun-98,89,381474,107700,273774
1-Jun-98,90,315203,84518,230685
1-Jun-98,91,251361,64149,187212
1-Jun-98,92,204523,50076,154447
1-Jun-98,93,171157,39584,131573
1-Jun-98,94,128155,28654,99501
1-Jun-98,95,90482,19208,71274
1-Jun-98,96,66295,13434,52861
1-Jun-98,97,54182,10482,43700
1-Jun-98,98,35172,6468,28704
1-Jun-98,99,21902,3965,17937
1-Jun-98,100+,47404,9020,38384
,,,,
1-Jul-98,All Age,274632728,134077461,140555267
1-Jul-98,0,3762809,1928364,1834445
1-Jul-98,1,3768112,1925454,1842658
1-Jul-98,2,3773397,1929711,1843686
1-Jul-98,3,3861808,1975856,1885952
1-Jul-98,4,3978797,2037608,1941189
1-Jul-98,5,4039711,2071831,1967880
1-Jul-98,6,4112475,2102826,2009649
1-Jul-98,7,4180115,2139061,2041054
1-Jul-98,8,4122785,2111915,2010870
1-Jul-98,9,4055242,2078159,1977083
1-Jul-98,10,4035230,2067966,1967264
1-Jul-98,11,3959695,2027682,1932013
1-Jul-98,12,3978089,2038566,1939523
1-Jul-98,13,3970975,2033379,1937596
1-Jul-98,14,3881192,1990726,1890466
1-Jul-98,15,3996722,2054320,1942402
1-Jul-98,16,4006784,2064077,1942707
1-Jul-98,17,3942225,2037532,1904693
1-Jul-98,18,3954024,2021133,1932891
1-Jul-98,19,3844067,1942431,1901636
1-Jul-98,20,3720777,1876429,1844348
1-Jul-98,21,3636990,1831526,1805464
1-Jul-98,22,3449418,1736091,1713327
1-Jul-98,23,3507288,1763994,1743294
1-Jul-98,24,3486022,1748442,1737580
1-Jul-98,25,3631707,1820565,1811142
1-Jul-98,26,3781695,1886678,1895017
1-Jul-98,27,4117886,2050167,2067719
1-Jul-98,28,4032972,2011926,2021046
1-Jul-98,29,3983473,1987321,1996152
1-Jul-98,30,4028902,2019130,2009772
1-Jul-98,31,3941134,1961899,1979235
1-Jul-98,32,4074249,2026678,2047571
1-Jul-98,33,4244480,2107958,2136522
1-Jul-98,34,4463288,2221400,2241888
1-Jul-98,35,4606873,2296211,2310662
1-Jul-98,36,4564356,2258633,2305723
1-Jul-98,37,4544696,2246220,2298476
1-Jul-98,38,4489643,2221350,2268293
1-Jul-98,39,4537748,2241840,2295908
1-Jul-98,40,4633093,2299655,2333438
1-Jul-98,41,4423382,2184102,2239280
1-Jul-98,42,4308197,2124906,2183291
1-Jul-98,43,4233801,2083711,2150090
1-Jul-98,44,4141442,2040246,2101196
1-Jul-98,45,4099922,2021984,2077938
1-Jul-98,46,3894617,1911176,1983441
1-Jul-98,47,3754028,1839991,1914037
1-Jul-98,48,3652618,1791632,1860986
1-Jul-98,49,3684582,1804226,1880356
1-Jul-98,50,3732127,1831293,1900834
1-Jul-98,51,3843767,1884269,1959498
1-Jul-98,52,2805845,1368263,1437582
1-Jul-98,53,2839826,1381509,1458317
1-Jul-98,54,2888653,1407031,1481622
1-Jul-98,55,2989540,1454820,1534720
1-Jul-98,56,2570121,1242349,1327772
1-Jul-98,57,2436060,1172454,1263606
1-Jul-98,58,2304930,1108532,1196398
1-Jul-98,59,2287830,1096955,1190875
1-Jul-98,60,2265670,1082512,1183158
1-Jul-98,61,2068170,985680,1082490
1-Jul-98,62,2060458,977586,1082872
1-Jul-98,63,2082904,985886,1097018
1-Jul-98,64,1944135,913311,1030824
1-Jul-98,65,1925215,895889,1029326
1-Jul-98,66,1921704,885610,1036094
1-Jul-98,67,2006968,921882,1085086
1-Jul-98,68,1934359,890447,1043912
1-Jul-98,69,1889019,855123,1033896
1-Jul-98,70,1919463,853803,1065660
1-Jul-98,71,1797080,793951,1003129
1-Jul-98,72,1738304,757791,980513
1-Jul-98,73,1745311,756653,988658
1-Jul-98,74,1692824,722142,970682
1-Jul-98,75,1610422,676329,934093
1-Jul-98,76,1577276,656059,921217
1-Jul-98,77,1481717,610071,871646
1-Jul-98,78,1330641,533930,796711
1-Jul-98,79,1228062,480544,747518
1-Jul-98,80,1150320,438881,711439
1-Jul-98,81,1029841,387044,642797
1-Jul-98,82,960538,354567,605971
1-Jul-98,83,871471,307701,563770
1-Jul-98,84,776089,265085,511004
1-Jul-98,85,697231,228755,468476
1-Jul-98,86,596906,190622,406284
1-Jul-98,87,518210,157715,360495
1-Jul-98,88,447354,130777,316577
1-Jul-98,89,382493,108100,274393
1-Jul-98,90,315932,84795,231137
1-Jul-98,91,252746,64553,188193
1-Jul-98,92,205002,50234,154768
1-Jul-98,93,171087,39574,131513
1-Jul-98,94,128925,28838,100087
1-Jul-98,95,90869,19290,71579
1-Jul-98,96,66428,13457,52971
1-Jul-98,97,54058,10466,43592
1-Jul-98,98,35715,6576,29139
1-Jul-98,99,21982,3992,17990
1-Jul-98,100+,47597,9081,38516
,,,,
1-Aug-98,All Age,274929460,134227601,140701859
1-Aug-98,0,3765704,1929969,1835735
1-Aug-98,1,3769577,1925939,1843638
1-Aug-98,2,3778051,1932582,1845469
1-Aug-98,3,3857986,1973225,1884761
1-Aug-98,4,3973318,2034766,1938552
1-Aug-98,5,4034309,2069411,1964898
1-Aug-98,6,4110230,2102181,2008049
1-Aug-98,7,4177029,2136860,2040169
1-Aug-98,8,4138981,2120442,2018539
1-Aug-98,9,4065744,2083533,1982211
1-Aug-98,10,4044210,2072717,1971493
1-Aug-98,11,3963604,2029637,1933967
1-Aug-98,12,3979038,2038852,1940186
1-Aug-98,13,3982250,2039458,1942792
1-Aug-98,14,3889209,1994646,1894563
1-Aug-98,15,3987049,2049502,1937547
1-Aug-98,16,4014600,2067955,1946645
1-Aug-98,17,3932813,2032142,1900671
1-Aug-98,18,3970223,2026885,1943338
1-Aug-98,19,3859348,1949729,1909619
1-Aug-98,20,3725068,1878865,1846203
1-Aug-98,21,3652460,1839505,1812955
1-Aug-98,22,3450721,1737322,1713399
1-Aug-98,23,3511527,1766538,1744989
1-Aug-98,24,3492785,1752024,1740761
1-Aug-98,25,3632682,1821542,1811140
1-Aug-98,26,3762233,1877715,1884518
1-Aug-98,27,4088634,2035326,2053308
1-Aug-98,28,4055635,2022953,2032682
1-Aug-98,29,3993199,1992300,2000899
1-Aug-98,30,4032230,2021094,2011136
1-Aug-98,31,3941454,1962522,1978932
1-Aug-98,32,4051423,2014995,2036428
1-Aug-98,33,4226860,2099827,2127033
1-Aug-98,34,4460560,2219317,2241243
1-Aug-98,35,4605878,2295784,2310094
1-Aug-98,36,4564018,2258581,2305437
1-Aug-98,37,4525883,2236804,2289079
1-Aug-98,38,4511365,2232408,2278957
1-Aug-98,39,4545258,2245440,2299818
1-Aug-98,40,4614571,2290502,2324069
1-Aug-98,41,4435576,2190321,2245255
1-Aug-98,42,4322092,2131792,2190300
1-Aug-98,43,4238261,2086477,2151784
1-Aug-98,44,4146519,2042980,2103539
1-Aug-98,45,4108565,2026116,2082449
1-Aug-98,46,3922313,1924964,1997349
1-Aug-98,47,3748166,1836953,1911213
1-Aug-98,48,3671527,1801613,1869914
1-Aug-98,49,3689334,1806289,1883045
1-Aug-98,50,3724064,1827129,1896935
1-Aug-98,51,3877787,1900849,1976938
1-Aug-98,52,2847095,1389045,1458050
1-Aug-98,53,2834558,1379302,1455256
1-Aug-98,54,2884869,1405038,1479831
1-Aug-98,55,3006552,1463020,1543532
1-Aug-98,56,2601559,1258232,1343327
1-Aug-98,57,2436796,1172432,1264364
1-Aug-98,58,2318979,1115658,1203321
1-Aug-98,59,2285831,1095912,1189919
1-Aug-98,60,2271463,1085459,1186004
1-Aug-98,61,2078098,990639,1087459
1-Aug-98,62,2058471,976762,1081709
1-Aug-98,63,2082321,985503,1096818
1-Aug-98,64,1957862,919937,1037925
1-Aug-98,65,1918807,893363,1025444
1-Aug-98,66,1920095,885072,1035023
1-Aug-98,67,1997594,917684,1079910
1-Aug-98,68,1937621,891506,1046115
1-Aug-98,69,1888334,855812,1032522
1-Aug-98,70,1914215,851553,1062662
1-Aug-98,71,1803373,797654,1005719
1-Aug-98,72,1737903,757749,980154
1-Aug-98,73,1742930,755780,987150
1-Aug-98,74,1696270,723716,972554
1-Aug-98,75,1612184,677357,934827
1-Aug-98,76,1572920,654077,918843
1-Aug-98,77,1486756,612273,874483
1-Aug-98,78,1338146,537413,800733
1-Aug-98,79,1229744,481539,748205
1-Aug-98,80,1154612,440997,713615
1-Aug-98,81,1030931,387417,643514
1-Aug-98,82,961864,355461,606403
1-Aug-98,83,872773,308486,564287
1-Aug-98,84,778848,266370,512478
1-Aug-98,85,698347,229425,468922
1-Aug-98,86,600851,191917,408934
1-Aug-98,87,519501,158595,360906
1-Aug-98,88,449064,131171,317893
1-Aug-98,89,383640,108550,275090
1-Aug-98,90,316788,85137,231651
1-Aug-98,91,254247,64982,189265
1-Aug-98,92,205472,50426,155046
1-Aug-98,93,170932,39558,131374
1-Aug-98,94,130010,29112,100898
1-Aug-98,95,91240,19387,71853
1-Aug-98,96,67033,13572,53461
1-Aug-98,97,53588,10399,43189
1-Aug-98,98,36532,6738,29794
1-Aug-98,99,22110,4029,18081
1-Aug-98,100+,47810,9107,38703
,,,,
1-Sep-98,All Age,275227458,134381320,140846138
1-Sep-98,0,3770844,1932924,1837920
1-Sep-98,1,3762811,1922341,1840470
1-Sep-98,2,3774261,1930417,1843844
1-Sep-98,3,3857555,1973463,1884092
1-Sep-98,4,3975682,2036032,1939650
1-Sep-98,5,4037423,2070622,1966801
1-Sep-98,6,4093850,2094332,1999518
1-Sep-98,7,4172926,2134255,2038671
1-Sep-98,8,4150212,2126303,2023909
1-Sep-98,9,4078273,2089940,1988333
1-Sep-98,10,4066443,2084275,1982168
1-Sep-98,11,3962801,2029173,1933628
1-Sep-98,12,3975941,2037066,1938875
1-Sep-98,13,3986367,2041881,1944486
1-Sep-98,14,3900991,2000491,1900500
1-Sep-98,15,3982937,2047550,1935387
1-Sep-98,16,4019051,2070101,1948950
1-Sep-98,17,3927162,2029208,1897954
1-Sep-98,18,3980654,2029906,1950748
1-Sep-98,19,3872937,1956138,1916799
1-Sep-98,20,3729281,1881241,1848040
1-Sep-98,21,3671526,1849213,1822313
1-Sep-98,22,3457065,1741103,1715962
1-Sep-98,23,3508610,1765556,1743054
1-Sep-98,24,3500888,1756455,1744433
1-Sep-98,25,3629431,1820519,1808912
1-Sep-98,26,3746117,1870669,1875448
1-Sep-98,27,4067299,2024549,2042750
1-Sep-98,28,4076806,2033277,2043529
1-Sep-98,29,4002535,1997295,2005240
1-Sep-98,30,4035177,2022891,2012286
1-Sep-98,31,3934377,1959677,1974700
1-Sep-98,32,4036423,2007269,2029154
1-Sep-98,33,4217224,2095832,2121392
1-Sep-98,34,4446507,2211723,2234784
1-Sep-98,35,4595320,2290634,2304686
1-Sep-98,36,4568710,2261071,2307639
1-Sep-98,37,4499600,2223851,2275749
1-Sep-98,38,4546287,2250090,2296197
1-Sep-98,39,4551519,2248606,2302913
1-Sep-98,40,4602840,2284643,2318197
1-Sep-98,41,4436053,2190802,2245251
1-Sep-98,42,4335456,2138398,2197058
1-Sep-98,43,4252357,2094055,2158302
1-Sep-98,44,4154161,2047024,2107137
1-Sep-98,45,4114025,2028747,2085278
1-Sep-98,46,3949250,1938342,2010908
1-Sep-98,47,3737943,1831826,1906117
1-Sep-98,48,3696202,1814456,1881746
1-Sep-98,49,3685341,1804073,1881268
1-Sep-98,50,3727938,1828907,1899031
1-Sep-98,51,3886997,1905226,1981771
1-Sep-98,52,2912693,1421757,1490936
1-Sep-98,53,2832789,1378805,1453984
1-Sep-98,54,2877424,1401285,1476139
1-Sep-98,55,3015472,1467281,1548191
1-Sep-98,56,2643353,1279137,1364216
1-Sep-98,57,2437575,1172436,1265139
1-Sep-98,58,2333025,1122787,1210238
1-Sep-98,59,2283868,1094905,1188963
1-Sep-98,60,2277286,1088430,1188856
1-Sep-98,61,2088048,995617,1092431
1-Sep-98,62,2056520,975961,1080559
1-Sep-98,63,2081784,985144,1096640
1-Sep-98,64,1971606,926575,1045031
1-Sep-98,65,1912468,890890,1021578
1-Sep-98,66,1918527,884558,1033969
1-Sep-98,67,1988290,913532,1074758
1-Sep-98,68,1940925,892600,1048325
1-Sep-98,69,1887721,856540,1031181
1-Sep-98,70,1909044,849347,1059697
1-Sep-98,71,1809723,801396,1008327
1-Sep-98,72,1737543,757732,979811
1-Sep-98,73,1740625,754949,985676
1-Sep-98,74,1699730,725290,974440
1-Sep-98,75,1614018,678431,935587
1-Sep-98,76,1568662,652149,916513
1-Sep-98,77,1491833,614485,877348
1-Sep-98,78,1345671,540906,804765
1-Sep-98,79,1231492,482564,748928
1-Sep-98,80,1158912,443105,715807
1-Sep-98,81,1032084,387807,644277
1-Sep-98,82,963235,356367,606868
1-Sep-98,83,874104,309264,564840
1-Sep-98,84,781599,267640,513959
1-Sep-98,85,699507,230088,469419
1-Sep-98,86,604765,193190,411575
1-Sep-98,87,520782,159457,361325
1-Sep-98,88,450754,131554,319200
1-Sep-98,89,384768,108980,275788
1-Sep-98,90,317618,85467,232151
1-Sep-98,91,255691,65383,190308
1-Sep-98,92,205898,50601,155297
1-Sep-98,93,170765,39534,131231
1-Sep-98,94,131034,29361,101673
1-Sep-98,95,91574,19476,72098
1-Sep-98,96,67587,13671,53916
1-Sep-98,97,53121,10329,42792
1-Sep-98,98,37286,6887,30399
1-Sep-98,99,22225,4064,18161
1-Sep-98,100+,48048,9168,38880
,,,,
1-Oct-98,All Age,275516467,134530913,140985554
1-Oct-98,0,3779120,1936501,1842619
1-Oct-98,1,3760223,1922084,1838139
1-Oct-98,2,3772036,1928263,1843773
1-Oct-98,3,3858400,1974167,1884233
1-Oct-98,4,3967912,2031935,1935977
1-Oct-98,5,4038909,2071206,1967703
1-Oct-98,6,4086662,2091286,1995376
1-Oct-98,7,4171812,2133364,2038448
1-Oct-98,8,4156716,2129484,2027232
1-Oct-98,9,4088710,2095293,1993417
1-Oct-98,10,4078128,2090438,1987690
1-Oct-98,11,3964283,2029899,1934384
1-Oct-98,12,3978540,2038216,1940324
1-Oct-98,13,3993941,2046059,1947882
1-Oct-98,14,3913345,2006662,1906683
1-Oct-98,15,3971166,2041658,1929508
1-Oct-98,16,4031052,2076146,1954906
1-Oct-98,17,3914579,2023018,1891561
1-Oct-98,18,4003447,2040821,1962626
1-Oct-98,19,3882720,1960618,1922102
1-Oct-98,20,3729862,1881508,1848354
1-Oct-98,21,3682105,1854636,1827469
1-Oct-98,22,3470014,1748138,1721876
1-Oct-98,23,3501331,1762320,1739011
1-Oct-98,24,3516849,1764763,1752086
1-Oct-98,25,3619675,1816190,1803485
1-Oct-98,26,3724821,1860902,1863919
1-Oct-98,27,4042275,2011966,2030309
1-Oct-98,28,4107583,2048321,2059262
1-Oct-98,29,4008881,2000670,2008211
1-Oct-98,30,4036455,2023785,2012670
1-Oct-98,31,3924177,1955205,1968972
1-Oct-98,32,4022326,2000025,2022301
1-Oct-98,33,4203059,2089449,2113610
1-Oct-98,34,4435311,2205567,2229744
1-Oct-98,35,4593245,2289675,2303570
1-Oct-98,36,4570444,2262047,2308397
1-Oct-98,37,4470125,2209258,2260867
1-Oct-98,38,4578682,2266339,2312343
1-Oct-98,39,4543458,2244736,2298722
1-Oct-98,40,4606827,2286469,2320358
1-Oct-98,41,4440503,2193239,2247264
1-Oct-98,42,4345588,2143464,2202124
1-Oct-98,43,4265619,2101234,2164385
1-Oct-98,44,4165894,2053050,2112844
1-Oct-98,45,4117434,2030363,2087071
1-Oct-98,46,3974579,1950971,2023608
1-Oct-98,47,3732520,1829091,1903429
1-Oct-98,48,3720725,1827205,1893520
1-Oct-98,49,3679585,1800993,1878592
1-Oct-98,50,3732907,1831271,1901636
1-Oct-98,51,3873935,1898658,1975277
1-Oct-98,52,2997953,1464136,1533817
1-Oct-98,53,2839546,1382368,1457178
1-Oct-98,54,2864285,1394808,1469477
1-Oct-98,55,3006758,1462970,1543788
1-Oct-98,56,2699469,1307035,1392434
1-Oct-98,57,2438341,1172458,1265883
1-Oct-98,58,2346618,1129693,1216925
1-Oct-98,59,2281976,1093940,1188036
1-Oct-98,60,2282965,1091325,1191640
1-Oct-98,61,2097694,1000454,1097240
1-Oct-98,62,2054674,975222,1079452
1-Oct-98,63,2081301,984823,1096478
1-Oct-98,64,1984911,933011,1051900
1-Oct-98,65,1906394,888533,1017861
1-Oct-98,66,1917031,884084,1032947
1-Oct-98,67,1979358,909552,1069806
1-Oct-98,68,1944170,893698,1050472
1-Oct-98,69,1887182,857269,1029913
1-Oct-98,70,1904100,847254,1056846
1-Oct-98,71,1815903,805058,1010845
1-Oct-98,72,1737266,757762,979504
1-Oct-98,73,1738471,754194,984277
1-Oct-98,74,1703127,726843,976284
1-Oct-98,75,1615849,679504,936345
1-Oct-98,76,1564629,650343,914286
1-Oct-98,77,1496757,616640,880117
1-Oct-98,78,1352973,544303,808670
1-Oct-98,79,1233227,483586,749641
1-Oct-98,80,1163081,445153,717928
1-Oct-98,81,1033235,388204,645031
1-Oct-98,82,964558,357238,607320
1-Oct-98,83,875401,310025,565376
1-Oct-98,84,784234,268847,515387
1-Oct-98,85,700618,230724,469894
1-Oct-98,86,608497,194394,414103
1-Oct-98,87,521978,160270,361708
1-Oct-98,88,452339,131906,320433
1-Oct-98,89,385812,109389,276423
1-Oct-98,90,318378,85771,232607
1-Oct-98,91,257019,65747,191272
1-Oct-98,92,206268,50757,155511
1-Oct-98,93,170574,39500,131074
1-Oct-98,94,131952,29581,102371
1-Oct-98,95,91848,19547,72301
1-Oct-98,96,68069,13762,54307
1-Oct-98,97,52660,10254,42406
1-Oct-98,98,37962,7022,30940
1-Oct-98,99,22308,4093,18215
1-Oct-98,100+,48253,9237,39016
,,,,
1-Nov-98,All Age,275802233,134685671,141116562
1-Nov-98,0,3783808,1938667,1845141
1-Nov-98,1,3752657,1918796,1833861
1-Nov-98,2,3778261,1931617,1846644
1-Nov-98,3,3858942,1974484,1884458
1-Nov-98,4,3966159,2030280,1935879
1-Nov-98,5,4029364,2066127,1963237
1-Nov-98,6,4082430,2090302,1992128
1-Nov-98,7,4168432,2130422,2038010
1-Nov-98,8,4166675,2134749,2031926
1-Nov-98,9,4104689,2103431,2001258
1-Nov-98,10,4082166,2092627,1989539
1-Nov-98,11,3972674,2034179,1938495
1-Nov-98,12,3974106,2035741,1938365
1-Nov-98,13,3997921,2048454,1949467
1-Nov-98,14,3929946,2014959,1914987
1-Nov-98,15,3962747,2037516,1925231
1-Nov-98,16,4041725,2081490,1960235
1-Nov-98,17,3900913,2016213,1884700
1-Nov-98,18,4022959,2051226,1971733
1-Nov-98,19,3897889,1968348,1929541
1-Nov-98,20,3732554,1883113,1849441
1-Nov-98,21,3691466,1859552,1831914
1-Nov-98,22,3484108,1755549,1728559
1-Nov-98,23,3491912,1758195,1733717
1-Nov-98,24,3535803,1774732,1761071
1-Nov-98,25,3613876,1814177,1799699
1-Nov-98,26,3704104,1851321,1852783
1-Nov-98,27,4020977,2001933,2019044
1-Nov-98,28,4131046,2060117,2070929
1-Nov-98,29,4017037,2005019,2012018
1-Nov-98,30,4041822,2027177,2014645
1-Nov-98,31,3916900,1952393,1964507
1-Nov-98,32,4015400,1996711,2018689
1-Nov-98,33,4183432,2080404,2103028
1-Nov-98,34,4426065,2200752,2225313
1-Nov-98,35,4588455,2287451,2301004
1-Nov-98,36,4574934,2264552,2310382
1-Nov-98,37,4451906,2200332,2251574
1-Nov-98,38,4602554,2278637,2323917
1-Nov-98,39,4532336,2239485,2292851
1-Nov-98,40,4606317,2286330,2319987
1-Nov-98,41,4449933,2198314,2251619
1-Nov-98,42,4359063,2150248,2208815
1-Nov-98,43,4277202,2107575,2169627
1-Nov-98,44,4184714,2062587,2122127
1-Nov-98,45,4114432,2028943,2085489
1-Nov-98,46,3992351,1959875,2032476
1-Nov-98,47,3731526,1828530,1902996
1-Nov-98,48,3742058,1838380,1903678
1-Nov-98,49,3678108,1800071,1878037
1-Nov-98,50,3734764,1832099,1902665
1-Nov-98,51,3846879,1885193,1961686
1-Nov-98,52,3101188,1515435,1585753
1-Nov-98,53,2842077,1383864,1458213
1-Nov-98,54,2856782,1391006,1465776
1-Nov-98,55,2983322,1451449,1531873
1-Nov-98,56,2752462,1333474,1418988
1-Nov-98,57,2443814,1174810,1269004
1-Nov-98,58,2357670,1135174,1222496
1-Nov-98,59,2281441,1093620,1187821
1-Nov-98,60,2288136,1094018,1194118
1-Nov-98,61,2109110,1006123,1102987
1-Nov-98,62,2053553,974786,1078767
1-Nov-98,63,2078146,983208,1094938
1-Nov-98,64,2000131,940306,1059825
1-Nov-98,65,1900041,886027,1014014
1-Nov-98,66,1916990,884366,1032624
1-Nov-98,67,1970365,905405,1064960
1-Nov-98,68,1944300,893326,1050974
1-Nov-98,69,1888029,858752,1029277
1-Nov-98,70,1898397,844653,1053744
1-Nov-98,71,1821514,808402,1013112
1-Nov-98,72,1737359,757922,979437
1-Nov-98,73,1734713,752753,981960
1-Nov-98,74,1705610,727969,977641
1-Nov-98,75,1618087,680653,937434
1-Nov-98,76,1560138,648337,911801
1-Nov-98,77,1499523,617730,881793
1-Nov-98,78,1361018,548182,812836
1-Nov-98,79,1234353,484180,750173
1-Nov-98,80,1166561,446912,719649
1-Nov-98,81,1034595,388671,645924
1-Nov-98,82,965663,357995,607668
1-Nov-98,83,875899,310510,565389
1-Nov-98,84,786745,270045,516700
1-Nov-98,85,701347,231189,470158
1-Nov-98,86,612063,195530,416533
1-Nov-98,87,522693,160933,361760
1-Nov-98,88,453660,132239,321421
1-Nov-98,89,386875,109805,277070
1-Nov-98,90,318938,86008,232930
1-Nov-98,91,258456,66166,192290
1-Nov-98,92,206612,50929,155683
1-Nov-98,93,170206,39433,130773
1-Nov-98,94,132839,29801,103038
1-Nov-98,95,92105,19627,72478
1-Nov-98,96,68682,13872,54810
1-Nov-98,97,52098,10163,41935
1-Nov-98,98,38576,7146,31430
1-Nov-98,99,22484,4139,18345
1-Nov-98,100+,48370,9253,39117
,,,,
1-Dec-98,All Age,276059055,134824245,141234810
1-Dec-98,0,3789169,1941191,1847978
1-Dec-98,1,3750490,1918119,1832371
1-Dec-98,2,3776942,1930562,1846380
1-Dec-98,3,3851094,1970793,1880301
1-Dec-98,4,3970208,2032008,1938200
1-Dec-98,5,4024830,2063612,1961218
1-Dec-98,6,4081733,2090649,1991084
1-Dec-98,7,4159664,2125641,2034023
1-Dec-98,8,4175330,2138877,2036453
1-Dec-98,9,4118786,2110619,2008167
1-Dec-98,10,4089532,2096512,1993020
1-Dec-98,11,3987147,2041557,1945590
1-Dec-98,12,3964983,2030879,1934104
1-Dec-98,13,4005109,2052454,1952655
1-Dec-98,14,3936129,2017925,1918204
1-Dec-98,15,3957659,2035074,1922585
1-Dec-98,16,4052334,2086809,1965525
1-Dec-98,17,3891709,2011711,1879998
1-Dec-98,18,4036447,2058920,1977527
1-Dec-98,19,3911436,1975410,1936026
1-Dec-98,20,3738010,1886000,1852010
1-Dec-98,21,3698214,1863136,1835078
1-Dec-98,22,3501174,1764210,1736964
1-Dec-98,23,3486970,1756206,1730764
1-Dec-98,24,3544710,1779597,1765113
1-Dec-98,25,3604819,1810376,1794443
1-Dec-98,26,3694218,1847117,1847101
1-Dec-98,27,3991936,1988002,2003934
1-Dec-98,28,4154282,2071704,2082578
1-Dec-98,29,4022571,2008042,2014529
1-Dec-98,30,4054479,2034136,2020343
1-Dec-98,31,3906424,1947928,1958496
1-Dec-98,32,4010990,1994566,2016424
1-Dec-98,33,4169417,2074214,2095203
1-Dec-98,34,4420609,2197758,2222851
1-Dec-98,35,4579836,2283364,2296472
1-Dec-98,36,4577176,2265774,2311402
1-Dec-98,37,4431441,2190167,2241274
1-Dec-98,38,4626474,2290728,2335746
1-Dec-98,39,4526317,2236669,2289648
1-Dec-98,40,4606438,2286336,2320102
1-Dec-98,41,4456597,2201918,2254679
1-Dec-98,42,4363641,2152500,2211141
1-Dec-98,43,4287128,2113045,2174083
1-Dec-98,44,4200583,2070592,2129991
1-Dec-98,45,4118867,2031077,2087790
1-Dec-98,46,4013125,1970219,2042906
1-Dec-98,47,3726021,1825734,1900287
1-Dec-98,48,3763171,1849398,1913773
1-Dec-98,49,3673362,1797513,1875849
1-Dec-98,50,3739386,1834279,1905107
1-Dec-98,51,3806603,1865249,1941354
1-Dec-98,52,3210397,1569591,1640806
1-Dec-98,53,2838223,1382203,1456020
1-Dec-98,54,2861073,1392942,1468131
1-Dec-98,55,2960138,1440009,1520129
1-Dec-98,56,2793694,1354174,1439520
1-Dec-98,57,2449066,1177067,1271999
1-Dec-98,58,2368329,1140455,1227874
1-Dec-98,59,2280892,1093291,1187601
1-Dec-98,60,2293104,1096608,1196496
1-Dec-98,61,2120137,1011604,1108533
1-Dec-98,62,2052441,974349,1078092
1-Dec-98,63,2075050,981620,1093430
1-Dec-98,64,2014805,947338,1067467
1-Dec-98,65,1893881,883599,1010282
1-Dec-98,66,1916877,884604,1032273
1-Dec-98,67,1961647,901381,1060266
1-Dec-98,68,1944372,892931,1051441
1-Dec-98,69,1888845,860178,1028667
1-Dec-98,70,1892814,842115,1050699
1-Dec-98,71,1826859,811593,1015266
1-Dec-98,72,1737371,758041,979330
1-Dec-98,73,1731018,751329,979689
1-Dec-98,74,1707874,728980,978894
1-Dec-98,75,1620167,681727,938440
1-Dec-98,76,1555725,646367,909358
1-Dec-98,77,1502082,618716,883366
1-Dec-98,78,1368636,551853,816783
1-Dec-98,79,1235326,484697,750629
1-Dec-98,80,1169754,448527,721227
1-Dec-98,81,1035774,389053,646721
1-Dec-98,82,966606,358663,607943
1-Dec-98,83,876231,310905,565326
1-Dec-98,84,788983,271113,517870
1-Dec-98,85,701907,231572,470335
1-Dec-98,86,615301,196541,418760
1-Dec-98,87,523217,161498,361719
1-Dec-98,88,454774,132506,322268
1-Dec-98,89,387734,110143,277591
1-Dec-98,90,319331,86193,233138
1-Dec-98,91,259666,66510,193156
1-Dec-98,92,206800,51051,155749
1-Dec-98,93,169742,39336,130406
1-Dec-98,94,133570,29977,103593
1-Dec-98,95,92265,19680,72585
1-Dec-98,96,69170,13957,55213
1-Dec-98,97,51520,10071,41449
1-Dec-98,98,39084,7249,31835
1-Dec-98,99,22606,4175,18431
1-Dec-98,100+,48457,9287,39170
Intercensal Estimates of the United States Civilian Population by Age and Sex: 1999,,,,
,,,,
1-Jan-99,All Age,276334433,134974974,141359459
1-Jan-99,0,3792391,1943029,1849362
1-Jan-99,1,3757146,1921269,1835877
1-Jan-99,2,3784330,1934552,1849778
1-Jan-99,3,3840261,1965321,1874940
1-Jan-99,4,3966736,2030270,1936466
1-Jan-99,5,4019335,2060297,1959038
1-Jan-99,6,4079462,2089688,1989774
1-Jan-99,7,4165088,2128405,2036683
1-Jan-99,8,4177223,2139804,2037419
1-Jan-99,9,4135711,2119245,2016466
1-Jan-99,10,4090212,2096969,1993243
1-Jan-99,11,3995844,2045984,1949860
1-Jan-99,12,3966720,2031559,1935161
1-Jan-99,13,4016869,2058813,1958056
1-Jan-99,14,3939212,2019303,1919909
1-Jan-99,15,3956964,2034896,1922068
1-Jan-99,16,4053606,2087331,1966275
1-Jan-99,17,3881227,2006440,1874787
1-Jan-99,18,4063069,2073756,1989313
1-Jan-99,19,3918006,1979292,1938714
1-Jan-99,20,3751724,1893211,1858513
1-Jan-99,21,3697322,1862944,1834378
1-Jan-99,22,3512957,1770268,1742689
1-Jan-99,23,3490968,1758753,1732215
1-Jan-99,24,3553248,1784412,1768836
1-Jan-99,25,3591703,1804546,1787157
1-Jan-99,26,3693473,1847673,1845800
1-Jan-99,27,3945488,1965254,1980234
1-Jan-99,28,4180988,2085030,2095958
1-Jan-99,29,4032884,2013617,2019267
1-Jan-99,30,4073334,2044249,2029085
1-Jan-99,31,3898590,1944897,1953693
1-Jan-99,32,4006341,1992272,2014069
1-Jan-99,33,4154810,2067835,2086975
1-Jan-99,34,4410736,2192632,2218104
1-Jan-99,35,4571551,2279332,2292219
1-Jan-99,36,4583410,2269079,2314331
1-Jan-99,37,4401969,2175630,2226339
1-Jan-99,38,4654945,2304993,2349952
1-Jan-99,39,4521116,2234155,2286961
1-Jan-99,40,4610481,2288276,2322205
1-Jan-99,41,4459100,2203430,2255670
1-Jan-99,42,4370973,2156122,2214851
1-Jan-99,43,4299721,2119798,2179923
1-Jan-99,44,4202384,2071615,2130769
1-Jan-99,45,4135403,2039213,2096190
1-Jan-99,46,4034725,1980971,2053754
1-Jan-99,47,3718848,1822077,1896771
1-Jan-99,48,3791490,1863958,1927532
1-Jan-99,49,3664977,1793185,1871792
1-Jan-99,50,3749185,1838993,1910192
1-Jan-99,51,3760375,1842394,1917981
1-Jan-99,52,3322189,1624984,1697205
1-Jan-99,53,2833676,1380266,1453410
1-Jan-99,54,2867005,1395649,1471356
1-Jan-99,55,2936922,1428558,1508364
1-Jan-99,56,2831487,1373196,1458291
1-Jan-99,57,2454472,1179387,1275085
1-Jan-99,58,2379313,1145886,1233427
1-Jan-99,59,2280325,1092954,1187371
1-Jan-99,60,2298208,1099274,1198934
1-Jan-99,61,2131503,1017275,1114228
1-Jan-99,62,2051255,973871,1077384
1-Jan-99,63,2071845,979983,1091862
1-Jan-99,64,2029924,954590,1075334
1-Jan-99,65,1887493,881090,1006403
1-Jan-99,66,1916703,884835,1031868
1-Jan-99,67,1952615,897225,1055390
1-Jan-99,68,1944406,892510,1051896
1-Jan-99,69,1889666,861658,1028008
1-Jan-99,70,1887013,839484,1047529
1-Jan-99,71,1832282,814868,1017414
1-Jan-99,72,1737280,758124,979156
1-Jan-99,73,1727124,749833,977291
1-Jan-99,74,1710109,729998,980111
1-Jan-99,75,1622201,682805,939396
1-Jan-99,76,1551105,644335,906770
1-Jan-99,77,1504574,619675,884899
1-Jan-99,78,1376284,555555,820729
1-Jan-99,79,1236179,485179,751000
1-Jan-99,80,1172835,450108,722727
1-Jan-99,81,1036814,389382,647432
1-Jan-99,82,967403,359289,608114
1-Jan-99,83,876377,311234,565143
1-Jan-99,84,791062,272135,518927
1-Jan-99,85,702303,231900,470403
1-Jan-99,86,618402,197525,420877
1-Jan-99,87,523569,162009,361560
1-Jan-99,88,455716,132727,322989
1-Jan-99,89,388414,110430,277984
1-Jan-99,90,319547,86333,233214
1-Jan-99,91,260718,66817,193901
1-Jan-99,92,206821,51123,155698
1-Jan-99,93,169123,39206,129917
1-Jan-99,94,134167,30124,104043
1-Jan-99,95,92316,19708,72608
1-Jan-99,96,69546,14021,55525
1-Jan-99,97,50877,9966,40911
1-Jan-99,98,39508,7332,32176
1-Jan-99,99,22681,4207,18474
1-Jan-99,100+,48445,9314,39131
,,,,
1-Feb-99,All Age,276538009,135086901,141451108
1-Feb-99,0,3793240,1943451,1849789
1-Feb-99,1,3758565,1922796,1835769
1-Feb-99,2,3786514,1935243,1851271
1-Feb-99,3,3838831,1964721,1874110
1-Feb-99,4,3962551,2028276,1934275
1-Feb-99,5,4017548,2058737,1958811
1-Feb-99,6,4068579,2084354,1984225
1-Feb-99,7,4164341,2128668,2035673
1-Feb-99,8,4183043,2142198,2040845
1-Feb-99,9,4151356,2127268,2024088
1-Feb-99,10,4096961,2100494,1996467
1-Feb-99,11,4000600,2048270,1952330
1-Feb-99,12,3970373,2033517,1936856
1-Feb-99,13,4013341,2056946,1956395
1-Feb-99,14,3953818,2026808,1927010
1-Feb-99,15,3951551,2031981,1919570
1-Feb-99,16,4041547,2081374,1960173
1-Feb-99,17,3919346,2026012,1893334
1-Feb-99,18,4038292,2061594,1976698
1-Feb-99,19,3929395,1984618,1944777
1-Feb-99,20,3767680,1901408,1866272
1-Feb-99,21,3698999,1864049,1834950
1-Feb-99,22,3526150,1777120,1749030
1-Feb-99,23,3492782,1759806,1732976
1-Feb-99,24,3557049,1787247,1769802
1-Feb-99,25,3590737,1804338,1786399
1-Feb-99,26,3675079,1837831,1837248
1-Feb-99,27,3937902,1963291,1974611
1-Feb-99,28,4171467,2080760,2090707
1-Feb-99,29,4044650,2019481,2025169
1-Feb-99,30,4092273,2054121,2038152
1-Feb-99,31,3890215,1940893,1949322
1-Feb-99,32,4015889,1997830,2018059
1-Feb-99,33,4125557,2052909,2072648
1-Feb-99,34,4400044,2187666,2212378
1-Feb-99,35,4567931,2278192,2289739
1-Feb-99,36,4558826,2256193,2302633
1-Feb-99,37,4453018,2202093,2250925
1-Feb-99,38,4608434,2280794,2327640
1-Feb-99,39,4533107,2240853,2292254
1-Feb-99,40,4621170,2293809,2327361
1-Feb-99,41,4455788,2201312,2254476
1-Feb-99,42,4393638,2169360,2224278
1-Feb-99,43,4292741,2114601,2178140
1-Feb-99,44,4202036,2072072,2129964
1-Feb-99,45,4156572,2050255,2106317
1-Feb-99,46,4024550,1975681,2048869
1-Feb-99,47,3783424,1854922,1928502
1-Feb-99,48,3743038,1838498,1904540
1-Feb-99,49,3684289,1803604,1880685
1-Feb-99,50,3755410,1842259,1913151
1-Feb-99,51,3714465,1819022,1895443
1-Feb-99,52,3452393,1690386,1762007
1-Feb-99,53,2802546,1363861,1438685
1-Feb-99,54,2874190,1399666,1474524
1-Feb-99,55,2920209,1420232,1499977
1-Feb-99,56,2851602,1383194,1468408
1-Feb-99,57,2484973,1194764,1290209
1-Feb-99,58,2380121,1145818,1234303
1-Feb-99,59,2281344,1093571,1187773
1-Feb-99,60,2302968,1101660,1201308
1-Feb-99,61,2141301,1022087,1119214
1-Feb-99,62,2055529,976042,1079487
1-Feb-99,63,2063895,976003,1087892
1-Feb-99,64,2041940,960380,1081560
1-Feb-99,65,1886782,881039,1005743
1-Feb-99,66,1911808,882863,1028945
1-Feb-99,67,1949819,896034,1053785
1-Feb-99,68,1936443,888103,1048340
1-Feb-99,69,1890306,862943,1027363
1-Feb-99,70,1885114,838605,1046509
1-Feb-99,71,1832313,815636,1016677
1-Feb-99,72,1738674,758644,980030
1-Feb-99,73,1721844,747715,974129
1-Feb-99,74,1711812,730809,981003
1-Feb-99,75,1622194,682809,939385
1-Feb-99,76,1546074,641946,904128
1-Feb-99,77,1506115,620191,885924
1-Feb-99,78,1381834,558250,823584
1-Feb-99,79,1237093,485625,751468
1-Feb-99,80,1174942,451259,723683
1-Feb-99,81,1036837,389180,647657
1-Feb-99,82,969231,360241,608990
1-Feb-99,83,874443,310759,563684
1-Feb-99,84,791694,272612,519082
1-Feb-99,85,702800,232228,470572
1-Feb-99,86,621068,198365,422703
1-Feb-99,87,522903,162089,360814
1-Feb-99,88,455683,132708,322975
1-Feb-99,89,389126,110729,278397
1-Feb-99,90,319659,86416,233243
1-Feb-99,91,260923,66887,194036
1-Feb-99,92,206762,51158,155604
1-Feb-99,93,168167,39004,129163
1-Feb-99,94,134588,30227,104361
1-Feb-99,95,92278,19715,72563
1-Feb-99,96,69779,14061,55718
1-Feb-99,97,50416,9892,40524
1-Feb-99,98,39587,7358,32229
1-Feb-99,99,22877,4255,18622
1-Feb-99,100+,48308,9286,39022
,,,,
1-Mar-99,All Age,276747450,135200794,141546656
1-Mar-99,0,3793403,1943501,1849902
1-Mar-99,1,3765088,1925627,1839461
1-Mar-99,2,3776089,1930007,1846082
1-Mar-99,3,3845685,1968577,1877108
1-Mar-99,4,3956824,2025241,1931583
1-Mar-99,5,4014793,2056844,1957949
1-Mar-99,6,4057926,2079109,1978817
1-Mar-99,7,4171316,2132585,2038731
1-Mar-99,8,4185085,2142964,2042121
1-Mar-99,9,4164259,2133886,2030373
1-Mar-99,10,4095195,2099662,1995533
1-Mar-99,11,4015754,2055889,1959865
1-Mar-99,12,3975889,2036416,1939473
1-Mar-99,13,4009493,2054915,1954578
1-Mar-99,14,3955156,2027496,1927660
1-Mar-99,15,3957181,2034753,1922428
1-Mar-99,16,4030558,2075962,1954596
1-Mar-99,17,3955693,2044701,1910992
1-Mar-99,18,4005468,2045478,1959990
1-Mar-99,19,3953917,1996511,1957406
1-Mar-99,20,3781047,1908301,1872746
1-Mar-99,21,3697555,1863499,1834056
1-Mar-99,22,3535486,1782077,1753409
1-Mar-99,23,3502212,1764780,1737432
1-Mar-99,24,3560502,1789673,1770829
1-Mar-99,25,3593834,1806279,1787555
1-Mar-99,26,3645104,1822260,1822844
1-Mar-99,27,3944769,1968369,1976400
1-Mar-99,28,4155288,2073158,2082130
1-Mar-99,29,4059022,2026669,2032353
1-Mar-99,30,4097507,2057188,2040319
1-Mar-99,31,3896218,1944174,1952044
1-Mar-99,32,4020087,2000694,2019393
1-Mar-99,33,4102102,2040972,2061130
1-Mar-99,34,4376700,2176369,2200331
1-Mar-99,35,4580687,2285194,2295493
1-Mar-99,36,4533275,2242871,2290404
1-Mar-99,37,4499381,2226149,2273232
1-Mar-99,38,4555074,2253267,2301807
1-Mar-99,39,4556294,2253053,2303241
1-Mar-99,40,4629096,2297882,2331214
1-Mar-99,41,4457511,2201835,2255676
1-Mar-99,42,4400074,2174476,2225598
1-Mar-99,43,4295423,2114279,2181144
1-Mar-99,44,4208994,2076061,2132933
1-Mar-99,45,4173742,2059332,2114410
1-Mar-99,46,3999978,1963382,2036596
1-Mar-99,47,3855283,1891247,1964036
1-Mar-99,48,3701944,1816831,1885113
1-Mar-99,49,3703450,1813884,1889566
1-Mar-99,50,3744309,1837021,1907288
1-Mar-99,51,3698111,1810192,1887919
1-Mar-99,52,3559230,1744217,1815013
1-Mar-99,53,2778484,1351020,1427464
1-Mar-99,54,2871252,1398690,1472562
1-Mar-99,55,2915255,1417676,1497579
1-Mar-99,56,2864564,1389695,1474869
1-Mar-99,57,2518389,1211495,1306894
1-Mar-99,58,2374523,1142714,1231809
1-Mar-99,59,2288901,1097334,1191567
1-Mar-99,60,2307394,1103885,1203509
1-Mar-99,61,2150256,1026494,1123762
1-Mar-99,62,2053925,975424,1078501
1-Mar-99,63,2062516,975170,1087346
1-Mar-99,64,2052934,965689,1087245
1-Mar-99,65,1886281,881071,1005210
1-Mar-99,66,1902232,878724,1023508
1-Mar-99,67,1952870,897549,1055321
1-Mar-99,68,1929452,884233,1045219
1-Mar-99,69,1891105,864223,1026882
1-Mar-99,70,1878423,835627,1042796
1-Mar-99,71,1837635,818724,1018911
1-Mar-99,72,1740135,759216,980919
1-Mar-99,73,1717322,745936,971386
1-Mar-99,74,1708954,729702,979252
1-Mar-99,75,1627030,684880,942150
1-Mar-99,76,1541813,639947,901866
1-Mar-99,77,1507751,620777,886974
1-Mar-99,78,1383477,559366,824111
1-Mar-99,79,1241729,487547,754182
1-Mar-99,80,1177047,452390,724657
1-Mar-99,81,1037087,389098,647989
1-Mar-99,82,968555,360259,608296
1-Mar-99,83,875399,311304,564095
1-Mar-99,84,792445,273104,519341
1-Mar-99,85,703429,232587,470842
1-Mar-99,86,622064,198672,423392
1-Mar-99,87,523972,162678,361294
1-Mar-99,88,455766,132721,323045
1-Mar-99,89,389862,111017,278845
1-Mar-99,90,319038,86297,232741
1-Mar-99,91,261944,67165,194779
1-Mar-99,92,206740,51190,155550
1-Mar-99,93,167356,38826,128530
1-Mar-99,94,134662,30255,104407
1-Mar-99,95,92536,19787,72749
1-Mar-99,96,69978,14096,55882
1-Mar-99,97,50008,9817,40191
1-Mar-99,98,39649,7376,32273
1-Mar-99,99,23041,4300,18741
1-Mar-99,100+,48209,9288,38921
,,,,
1-Apr-99,All Age,277008063,135341116,141666947
1-Apr-99,0,3793039,1943241,1849798
1-Apr-99,1,3772633,1929603,1843030
1-Apr-99,2,3774317,1928664,1845653
1-Apr-99,3,3840184,1965402,1874782
1-Apr-99,4,3946134,2019982,1926152
1-Apr-99,5,4012993,2055970,1957023
1-Apr-99,6,4060873,2080718,1980155
1-Apr-99,7,4167363,2130346,2037017
1-Apr-99,8,4184834,2143140,2041694
1-Apr-99,9,4175546,2139692,2035854
1-Apr-99,10,4109714,2107195,2002519
1-Apr-99,11,4019845,2057839,1962006
1-Apr-99,12,3986279,2041833,1944446
1-Apr-99,13,4005689,2052883,1952806
1-Apr-99,14,3964403,2032266,1932137
1-Apr-99,15,3950388,2031139,1919249
1-Apr-99,16,4024068,2072906,1951162
1-Apr-99,17,3996414,2065772,1930642
1-Apr-99,18,3983736,2035438,1948298
1-Apr-99,19,3968888,2004237,1964651
1-Apr-99,20,3796648,1916601,1880047
1-Apr-99,21,3696090,1863199,1832891
1-Apr-99,22,3558392,1793830,1764562
1-Apr-99,23,3502972,1765391,1737581
1-Apr-99,24,3566988,1793686,1773302
1-Apr-99,25,3590237,1804848,1785389
1-Apr-99,26,3634005,1815925,1818080
1-Apr-99,27,3939657,1967718,1971939
1-Apr-99,28,4135789,2063806,2071983
1-Apr-99,29,4073880,2034242,2039638
1-Apr-99,30,4114520,2066183,2048337
1-Apr-99,31,3889635,1941223,1948412
1-Apr-99,32,4024352,2003772,2020580
1-Apr-99,33,4078503,2028878,2049625
1-Apr-99,34,4371474,2174249,2197225
1-Apr-99,35,4576490,2283793,2292697
1-Apr-99,36,4502672,2227037,2275635
1-Apr-99,37,4551395,2253092,2298303
1-Apr-99,38,4510623,2229970,2280653
1-Apr-99,39,4564166,2257719,2306447
1-Apr-99,40,4646327,2306639,2339688
1-Apr-99,41,4455443,2200503,2254940
1-Apr-99,42,4419053,2185828,2233225
1-Apr-99,43,4291086,2110364,2180722
1-Apr-99,44,4221264,2082690,2138574
1-Apr-99,45,4194161,2070037,2124124
1-Apr-99,46,3976441,1951550,2024891
1-Apr-99,47,3917598,1923056,1994542
1-Apr-99,48,3665636,1797342,1868294
1-Apr-99,49,3718505,1822209,1896296
1-Apr-99,50,3746503,1838331,1908172
1-Apr-99,51,3672605,1796867,1875738
1-Apr-99,52,3669267,1799711,1869556
1-Apr-99,53,2758811,1340228,1418583
1-Apr-99,54,2880664,1403802,1476862
1-Apr-99,55,2897543,1408933,1488610
1-Apr-99,56,2875922,1395365,1480557
1-Apr-99,57,2551648,1228265,1323383
1-Apr-99,58,2375697,1142823,1232874
1-Apr-99,59,2290308,1098154,1192154
1-Apr-99,60,2312562,1106484,1206078
1-Apr-99,61,2160431,1031523,1128908
1-Apr-99,62,2058618,977819,1080799
1-Apr-99,63,2055083,971456,1083627
1-Apr-99,64,2065426,971731,1093695
1-Apr-99,65,1886088,881293,1004795
1-Apr-99,66,1897938,877060,1020878
1-Apr-99,67,1950679,896673,1054006
1-Apr-99,68,1922153,880189,1041964
1-Apr-99,69,1892476,865870,1026606
1-Apr-99,70,1877251,835119,1042132
1-Apr-99,71,1838433,819883,1018550
1-Apr-99,72,1742272,760087,982185
1-Apr-99,73,1712918,744254,968664
1-Apr-99,74,1711473,730893,980580
1-Apr-99,75,1627957,685322,942635
1-Apr-99,76,1537799,638057,899742
1-Apr-99,77,1510236,621722,888514
1-Apr-99,78,1389938,562450,827488
1-Apr-99,79,1243539,488351,755188
1-Apr-99,80,1180058,453920,726138
1-Apr-99,81,1038010,389251,648759
1-Apr-99,82,971278,361548,609730
1-Apr-99,83,874380,311139,563241
1-Apr-99,84,793921,273860,520061
1-Apr-99,85,704750,233162,471588
1-Apr-99,86,625431,199708,425723
1-Apr-99,87,524016,162939,361077
1-Apr-99,88,456378,132868,323510
1-Apr-99,89,391103,111427,279676
1-Apr-99,90,319650,86500,233150
1-Apr-99,91,262533,67302,195231
1-Apr-99,92,207017,51283,155734
1-Apr-99,93,166731,38676,128055
1-Apr-99,94,135306,30392,104914
1-Apr-99,95,92652,19811,72841
1-Apr-99,96,70311,14145,56166
1-Apr-99,97,49663,9750,39913
1-Apr-99,98,39778,7398,32380
1-Apr-99,99,23261,4357,18904
1-Apr-99,100+,48256,9319,38937
,,,,
1-May-99,All Age,277275840,135481637,141794203
1-May-99,0,3794602,1943743,1850859
1-May-99,1,3778142,1932450,1845692
1-May-99,2,3775841,1929389,1846452
1-May-99,3,3844422,1967555,1876867
1-May-99,4,3938931,2016223,1922708
1-May-99,5,4004449,2051701,1952748
1-May-99,6,4055384,2077892,1977492
1-May-99,7,4166601,2129929,2036672
1-May-99,8,4186977,2144576,2042401
1-May-99,9,4193772,2148822,2044950
1-May-99,10,4120937,2112922,2008015
1-May-99,11,4021443,2058781,1962662
1-May-99,12,3991032,2044256,1946776
1-May-99,13,4007837,2053783,1954054
1-May-99,14,3983093,2042062,1941031
1-May-99,15,3942439,2026910,1915529
1-May-99,16,4027581,2074823,1952758
1-May-99,17,4005501,2070267,1935234
1-May-99,18,3975576,2032308,1943268
1-May-99,19,3995641,2017750,1977891
1-May-99,20,3812822,1924747,1888075
1-May-99,21,3687296,1858563,1828733
1-May-99,22,3577707,1803252,1774455
1-May-99,23,3499127,1763709,1735418
1-May-99,24,3574593,1797725,1776868
1-May-99,25,3592708,1806390,1786318
1-May-99,26,3630092,1814515,1815577
1-May-99,27,3914351,1955938,1958413
1-May-99,28,4136053,2063779,2072274
1-May-99,29,4085719,2040399,2045320
1-May-99,30,4127273,2073314,2053959
1-May-99,31,3896391,1944996,1951395
1-May-99,32,4008269,1996320,2011949
1-May-99,33,4073040,2025993,2047047
1-May-99,34,4358047,2168090,2189957
1-May-99,35,4567082,2278668,2288414
1-May-99,36,4498533,2224944,2273589
1-May-99,37,4551751,2253343,2298408
1-May-99,38,4504581,2226796,2277785
1-May-99,39,4576174,2263575,2312599
1-May-99,40,4647903,2307533,2340370
1-May-99,41,4451848,2198664,2253184
1-May-99,42,4443796,2198314,2245482
1-May-99,43,4289102,2109246,2179856
1-May-99,44,4232602,2088776,2143826
1-May-99,45,4214508,2080262,2134246
1-May-99,46,3971287,1948987,2022300
1-May-99,47,3922207,1925370,1996837
1-May-99,48,3688418,1808508,1879910
1-May-99,49,3722896,1824845,1898051
1-May-99,50,3735279,1832713,1902566
1-May-99,51,3660963,1790920,1870043
1-May-99,52,3742463,1835620,1906843
1-May-99,53,2761155,1341798,1419357
1-May-99,54,2889859,1408521,1481338
1-May-99,55,2875869,1398269,1477600
1-May-99,56,2898600,1406349,1492251
1-May-99,57,2553397,1229289,1324108
1-May-99,58,2388023,1148870,1239153
1-May-99,59,2299082,1102430,1196652
1-May-99,60,2311631,1106127,1205504
1-May-99,61,2166671,1034587,1132084
1-May-99,62,2064504,980796,1083708
1-May-99,63,2055255,971614,1083641
1-May-99,64,2067121,972369,1094752
1-May-99,65,1893906,885173,1008733
1-May-99,66,1897614,877355,1020259
1-May-99,67,1939731,891623,1048108
1-May-99,68,1920878,879982,1040896
1-May-99,69,1894054,866144,1027910
1-May-99,70,1874462,834655,1039807
1-May-99,71,1836106,818982,1017124
1-May-99,72,1745408,762360,983048
1-May-99,73,1713560,744680,968880
1-May-99,74,1710485,730481,980004
1-May-99,75,1630141,686316,943825
1-May-99,76,1538332,638504,899828
1-May-99,77,1506561,620136,886425
1-May-99,78,1395964,564934,831030
1-May-99,79,1248621,490819,757802
1-May-99,80,1182164,454989,727175
1-May-99,81,1041125,390834,650291
1-May-99,82,971619,361731,609888
1-May-99,83,874766,311545,563221
1-May-99,84,795459,274636,520823
1-May-99,85,706585,234133,472452
1-May-99,86,626564,200253,426311
1-May-99,87,526744,163895,362849
1-May-99,88,457803,133642,324161
1-May-99,89,391957,111615,280342
1-May-99,90,320289,86789,233500
1-May-99,91,262983,67497,195486
1-May-99,92,208154,51639,156515
1-May-99,93,167054,38801,128253
1-May-99,94,135162,30386,104776
1-May-99,95,93166,19949,73217
1-May-99,96,70648,14220,56428
1-May-99,97,49761,9774,39987
1-May-99,98,39673,7391,32282
1-May-99,99,23680,4450,19230
1-May-99,100+,48412,9349,39063
,,,,
1-Jun-99,All Age,277561202,135630153,141931049
1-Jun-99,0,3795376,1943806,1851570
1-Jun-99,1,3778552,1932498,1846054
1-Jun-99,2,3780277,1931609,1848668
1-Jun-99,3,3836644,1962906,1873738
1-Jun-99,4,3944316,2019101,1925215
1-Jun-99,5,4000005,2049306,1950699
1-Jun-99,6,4048155,2074914,1973241
1-Jun-99,7,4159004,2126433,2032571
1-Jun-99,8,4188943,2145487,2043456
1-Jun-99,9,4212370,2158153,2054217
1-Jun-99,10,4132946,2119045,2013901
1-Jun-99,11,4028038,2062292,1965746
1-Jun-99,12,3996013,2046792,1949221
1-Jun-99,13,4005760,2052519,1953241
1-Jun-99,14,4004280,2053168,1951112
1-Jun-99,15,3939234,2025119,1914115
1-Jun-99,16,4025205,2073727,1951478
1-Jun-99,17,4019107,2077066,1942041
1-Jun-99,18,3971199,2031003,1940196
1-Jun-99,19,4012559,2026395,1986164
1-Jun-99,20,3828673,1932732,1895941
1-Jun-99,21,3682965,1856268,1826697
1-Jun-99,22,3600861,1814245,1786616
1-Jun-99,23,3492288,1760409,1731879
1-Jun-99,24,3582401,1801907,1780494
1-Jun-99,25,3599479,1810095,1789384
1-Jun-99,26,3617207,1808596,1808611
1-Jun-99,27,3908546,1954024,1954522
1-Jun-99,28,4122247,2056697,2065550
1-Jun-99,29,4103615,2049541,2054074
1-Jun-99,30,4130546,2075774,2054772
1-Jun-99,31,3897815,1946054,1951761
1-Jun-99,32,4008340,1997124,2011216
1-Jun-99,33,4059287,2018991,2040296
1-Jun-99,34,4345049,2162209,2182840
1-Jun-99,35,4560360,2274881,2285479
1-Jun-99,36,4499006,2225175,2273831
1-Jun-99,37,4552662,2253919,2298743
1-Jun-99,38,4499953,2224286,2275667
1-Jun-99,39,4587708,2269257,2318451
1-Jun-99,40,4638759,2303095,2335664
1-Jun-99,41,4451328,2198397,2252931
1-Jun-99,42,4476061,2214475,2261586
1-Jun-99,43,4276442,2102916,2173526
1-Jun-99,44,4247541,2096611,2150930
1-Jun-99,45,4227581,2086940,2140641
1-Jun-99,46,3978961,1952711,2026250
1-Jun-99,47,3918233,1923461,1994772
1-Jun-99,48,3710323,1819271,1891052
1-Jun-99,49,3734602,1831085,1903517
1-Jun-99,50,3741350,1835562,1905788
1-Jun-99,51,3632730,1776818,1855912
1-Jun-99,52,3814076,1870724,1943352
1-Jun-99,53,2769332,1346232,1423100
1-Jun-99,54,2897216,1412376,1484840
1-Jun-99,55,2862389,1391592,1470797
1-Jun-99,56,2918169,1415782,1502387
1-Jun-99,57,2552238,1228980,1323258
1-Jun-99,58,2400832,1155143,1245689
1-Jun-99,59,2308245,1106902,1201343
1-Jun-99,60,2310769,1105809,1204960
1-Jun-99,61,2173226,1037806,1135420
1-Jun-99,62,2070667,983914,1086753
1-Jun-99,63,2055535,971822,1083713
1-Jun-99,64,2069006,973093,1095913
1-Jun-99,65,1902074,889230,1012844
1-Jun-99,66,1897413,877717,1019696
1-Jun-99,67,1928579,886486,1042093
1-Jun-99,68,1919687,879833,1039854
1-Jun-99,69,1895853,866504,1029349
1-Jun-99,70,1871725,834239,1037486
1-Jun-99,71,1833916,818157,1015759
1-Jun-99,72,1748802,764769,984033
1-Jun-99,73,1714399,745194,969205
1-Jun-99,74,1709616,730114,979502
1-Jun-99,75,1632597,687430,945167
1-Jun-99,76,1539086,639052,900034
1-Jun-99,77,1503014,618590,884424
1-Jun-99,78,1402362,567568,834794
1-Jun-99,79,1254049,493417,760632
1-Jun-99,80,1184507,456139,728368
1-Jun-99,81,1044497,392501,651996
1-Jun-99,82,972175,361976,610199
1-Jun-99,83,875346,312002,563344
1-Jun-99,84,797206,275466,521740
1-Jun-99,85,708636,235165,473471
1-Jun-99,86,627877,200826,427051
1-Jun-99,87,529663,164886,364777
1-Jun-99,88,459390,134446,324944
1-Jun-99,89,392934,111822,281112
1-Jun-99,90,321021,87085,233936
1-Jun-99,91,263529,67706,195823
1-Jun-99,92,209347,51995,157352
1-Jun-99,93,167414,38920,128494
1-Jun-99,94,135049,30378,104671
1-Jun-99,95,93692,20078,73614
1-Jun-99,96,71000,14290,56710
1-Jun-99,97,49862,9797,40065
1-Jun-99,98,39565,7380,32185
1-Jun-99,99,24091,4538,19553
1-Jun-99,100+,48627,9417,39210
,,,,
1-Jul-99,All Age,277840888,135771889,142068999
1-Jul-99,0,3795762,1943639,1852123
1-Jul-99,1,3784001,1935343,1848658
1-Jul-99,2,3783695,1933818,1849877
1-Jul-99,3,3826501,1957234,1869267
1-Jul-99,4,3945585,2019773,1925812
1-Jul-99,5,3995596,2047540,1948056
1-Jul-99,6,4044949,2073231,1971718
1-Jul-99,7,4165859,2129903,2035956
1-Jul-99,8,4178894,2139778,2039116
1-Jul-99,9,4221162,2163390,2057772
1-Jul-99,10,4144940,2125169,2019771
1-Jul-99,11,4036399,2066697,1969702
1-Jul-99,12,4011128,2054524,1956604
1-Jul-99,13,4004643,2051767,1952876
1-Jul-99,14,4016254,2059543,1956711
1-Jul-99,15,3934744,2022688,1912056
1-Jul-99,16,4021862,2072157,1949705
1-Jul-99,17,4031533,2083022,1948511
1-Jul-99,18,3962413,2025172,1937241
1-Jul-99,19,4034092,2037236,1996856
1-Jul-99,20,3839206,1938083,1901123
1-Jul-99,21,3680417,1854898,1825519
1-Jul-99,22,3617010,1821885,1795125
1-Jul-99,23,3497105,1762924,1734181
1-Jul-99,24,3590690,1806196,1784494
1-Jul-99,25,3598704,1809790,1788914
1-Jul-99,26,3614786,1807791,1806995
1-Jul-99,27,3890052,1945528,1944524
1-Jul-99,28,4102624,2046708,2055916
1-Jul-99,29,4124017,2059741,2064276
1-Jul-99,30,4137926,2080166,2057760
1-Jul-99,31,3898600,1946749,1951851
1-Jul-99,32,4008309,1997622,2010687
1-Jul-99,33,4043477,2010974,2032503
1-Jul-99,34,4327170,2153853,2173317
1-Jul-99,35,4561927,2275019,2286908
1-Jul-99,36,4504777,2228009,2276768
1-Jul-99,37,4546531,2251017,2295514
1-Jul-99,38,4495316,2221689,2273627
1-Jul-99,39,4593114,2271886,2321228
1-Jul-99,40,4640411,2303919,2336492
1-Jul-99,41,4442821,2194189,2248632
1-Jul-99,42,4492098,2222640,2269458
1-Jul-99,43,4284635,2106821,2177814
1-Jul-99,44,4252693,2099649,2153044
1-Jul-99,45,4234828,2090764,2144064
1-Jul-99,46,3989770,1957941,2031829
1-Jul-99,47,3932233,1930351,2001882
1-Jul-99,48,3706949,1817591,1889358
1-Jul-99,49,3762191,1845164,1917027
1-Jul-99,50,3756617,1842879,1913738
1-Jul-99,51,3601246,1761196,1840050
1-Jul-99,52,3875269,1900698,1974571
1-Jul-99,53,2784076,1353887,1430189
1-Jul-99,54,2898612,1413350,1485262
1-Jul-99,55,2854272,1387517,1466755
1-Jul-99,56,2937106,1424907,1512199
1-Jul-99,57,2561977,1233955,1328022
1-Jul-99,58,2413269,1161225,1252044
1-Jul-99,59,2317154,1111250,1205904
1-Jul-99,60,2310018,1105552,1204466
1-Jul-99,61,2179589,1040936,1138653
1-Jul-99,62,2076709,986977,1089732
1-Jul-99,63,2055850,972045,1083805
1-Jul-99,64,2070884,973823,1097061
1-Jul-99,65,1910015,893181,1016834
1-Jul-99,66,1897274,878101,1019173
1-Jul-99,67,1917888,881579,1036309
1-Jul-99,68,1918627,879732,1038895
1-Jul-99,69,1897694,866917,1030777
1-Jul-99,70,1869141,833870,1035271
1-Jul-99,71,1831912,817423,1014489
1-Jul-99,72,1752158,767132,985026
1-Jul-99,73,1715307,745737,969570
1-Jul-99,74,1708893,729813,979080
1-Jul-99,75,1635100,688571,946529
1-Jul-99,76,1539897,639620,900277
1-Jul-99,77,1499691,617131,882560
1-Jul-99,78,1408598,570134,838464
1-Jul-99,79,1259320,495929,763391
1-Jul-99,80,1186831,457270,729561
1-Jul-99,81,1047808,394121,653687
1-Jul-99,82,972792,362232,610560
1-Jul-99,83,875954,312444,563510
1-Jul-99,84,798923,276264,522659
1-Jul-99,85,710649,236157,474492
1-Jul-99,86,629188,201380,427808
1-Jul-99,87,532464,165824,366640
1-Jul-99,88,460896,135189,325707
1-Jul-99,89,393855,112002,281853
1-Jul-99,90,321717,87359,234358
1-Jul-99,91,264035,67894,196141
1-Jul-99,92,210441,52311,158130
1-Jul-99,93,167733,39017,128716
1-Jul-99,94,134930,30360,104570
1-Jul-99,95,94154,20189,73965
1-Jul-99,96,71298,14344,56954
1-Jul-99,97,49935,9810,40125
1-Jul-99,98,39439,7362,32077
1-Jul-99,99,24456,4616,19840
1-Jul-99,100+,48828,9496,39332
,,,,
1-Aug-99,All Age,278136553,135922883,142213670
1-Aug-99,0,3798122,1944842,1853280
1-Aug-99,1,3786498,1936667,1849831
1-Aug-99,2,3785260,1934343,1850917
1-Aug-99,3,3831609,1960335,1871274
1-Aug-99,4,3941798,2017163,1924635
1-Aug-99,5,3990188,2044742,1945446
1-Aug-99,6,4039495,2070806,1968689
1-Aug-99,7,4163934,2129409,2034525
1-Aug-99,8,4177094,2138223,2038871
1-Aug-99,9,4235537,2170968,2064569
1-Aug-99,10,4156180,2130923,2025257
1-Aug-99,11,4045582,2071550,1974032
1-Aug-99,12,4015310,2056652,1958658
1-Aug-99,13,4005183,2051841,1953342
1-Aug-99,14,4027517,2065603,1961914
1-Aug-99,15,3942686,2026581,1916105
1-Aug-99,16,4011961,2067214,1944747
1-Aug-99,17,4036814,2085198,1951616
1-Aug-99,18,3946887,2014398,1932489
1-Aug-99,19,4056488,2048482,2008006
1-Aug-99,20,3856130,1947023,1909107
1-Aug-99,21,3685936,1858449,1827487
1-Aug-99,22,3633772,1831068,1802704
1-Aug-99,23,3498279,1763890,1734389
1-Aug-99,24,3594868,1808761,1786107
1-Aug-99,25,3606708,1814115,1792593
1-Aug-99,26,3615653,1808859,1806794
1-Aug-99,27,3870736,1936639,1934097
1-Aug-99,28,4075478,2033080,2042398
1-Aug-99,29,4143850,2069343,2074507
1-Aug-99,30,4150219,2086749,2063470
1-Aug-99,31,3901396,1948466,1952930
1-Aug-99,32,4009230,1998678,2010552
1-Aug-99,33,4020818,1999527,2021291
1-Aug-99,34,4308338,2144961,2163377
1-Aug-99,35,4560316,2273665,2286651
1-Aug-99,36,4503203,2226981,2276222
1-Aug-99,37,4545124,2250384,2294740
1-Aug-99,38,4478219,2213026,2265193
1-Aug-99,39,4610833,2280554,2330279
1-Aug-99,40,4650140,2308737,2341403
1-Aug-99,41,4423936,2184782,2239154
1-Aug-99,42,4504913,2229079,2275834
1-Aug-99,43,4298247,2113535,2184712
1-Aug-99,44,4255827,2101625,2154202
1-Aug-99,45,4241778,2094577,2147201
1-Aug-99,46,3998016,1961813,2036203
1-Aug-99,47,3959989,1944252,2015737
1-Aug-99,48,3702329,1815151,1887178
1-Aug-99,49,3779294,1854169,1925125
1-Aug-99,50,3763050,1845868,1917182
1-Aug-99,51,3593308,1757069,1836239
1-Aug-99,52,3909891,1917635,1992256
1-Aug-99,53,2824367,1374118,1450249
1-Aug-99,54,2893230,1411123,1482107
1-Aug-99,55,2850958,1385776,1465182
1-Aug-99,56,2952761,1432427,1520334
1-Aug-99,57,2592951,1249537,1343414
1-Aug-99,58,2415403,1161903,1253500
1-Aug-99,59,2330000,1117714,1212286
1-Aug-99,60,2308708,1104975,1203733
1-Aug-99,61,2184757,1043518,1141239
1-Aug-99,62,2086838,992043,1094795
1-Aug-99,63,2053716,971060,1082656
1-Aug-99,64,2069893,973288,1096605
1-Aug-99,65,1923551,899682,1023869
1-Aug-99,66,1891157,875683,1015474
1-Aug-99,67,1916464,881123,1035341
1-Aug-99,68,1909594,875764,1033830
1-Aug-99,69,1900435,867730,1032705
1-Aug-99,70,1868732,834576,1034156
1-Aug-99,71,1826359,815060,1011299
1-Aug-99,72,1758143,770584,987559
1-Aug-99,73,1715446,746016,969430
1-Aug-99,74,1706457,728860,977597
1-Aug-99,75,1638107,689866,948241
1-Aug-99,76,1541476,640518,900958
1-Aug-99,77,1495250,615147,880103
1-Aug-99,78,1412824,571933,840891
1-Aug-99,79,1266316,499077,767239
1-Aug-99,80,1188954,458421,730533
1-Aug-99,81,1051287,395856,655431
1-Aug-99,82,973836,362595,611241
1-Aug-99,83,876775,313059,563716
1-Aug-99,84,799993,276912,523081
1-Aug-99,85,713421,237362,476059
1-Aug-99,86,630026,201908,428118
1-Aug-99,87,535836,166896,368940
1-Aug-99,88,461896,135892,326004
1-Aug-99,89,395284,112308,282976
1-Aug-99,90,322494,87656,234838
1-Aug-99,91,264616,68130,196486
1-Aug-99,92,211605,52634,158971
1-Aug-99,93,168039,39138,128901
1-Aug-99,94,134725,30331,104394
1-Aug-99,95,94842,20353,74489
1-Aug-99,96,71575,14412,57163
1-Aug-99,97,50369,9893,40476
1-Aug-99,98,39062,7307,31755
1-Aug-99,99,25003,4727,20276
1-Aug-99,100+,49055,9542,39513
,,,,
1-Sep-99,All Age,278439304,136081685,142357619
1-Sep-99,0,3799549,1945554,1853995
1-Sep-99,1,3792398,1939954,1852444
1-Sep-99,2,3778580,1930791,1847789
1-Sep-99,3,3828233,1958389,1869844
1-Sep-99,4,3941517,2017503,1924014
1-Sep-99,5,3992714,2046114,1946600
1-Sep-99,6,4042647,2072061,1970586
1-Sep-99,7,4147692,2121639,2026053
1-Sep-99,8,4174367,2136324,2038043
1-Sep-99,9,4244901,2175851,2069050
1-Sep-99,10,4169571,2137799,2031772
1-Sep-99,11,4068132,2083268,1984864
1-Sep-99,12,4014813,2056395,1958418
1-Sep-99,13,4001739,2049898,1951841
1-Sep-99,14,4031681,2068056,1963625
1-Sep-99,15,3954580,2032511,1922069
1-Sep-99,16,4007807,2065264,1942543
1-Sep-99,17,4041085,2087342,1953743
1-Sep-99,18,3937479,2007864,1929615
1-Sep-99,19,4071187,2055413,2015774
1-Sep-99,20,3870115,1953829,1916286
1-Sep-99,21,3689944,1860659,1829285
1-Sep-99,22,3653129,1841118,1812011
1-Sep-99,23,3503848,1766867,1736981
1-Sep-99,24,3591103,1807152,1783951
1-Sep-99,25,3615636,1818967,1796669
1-Sep-99,26,3612171,1807829,1804342
1-Sep-99,27,3855151,1930065,1925086
1-Sep-99,28,4056603,2023881,2032722
1-Sep-99,29,4162721,2078704,2084017
1-Sep-99,30,4162881,2093985,2068896
1-Sep-99,31,3904135,1950251,1953884
1-Sep-99,32,4002750,1996310,2006440
1-Sep-99,33,4005918,1991978,2013940
1-Sep-99,34,4298137,2140753,2157384
1-Sep-99,35,4547399,2266832,2280567
1-Sep-99,36,4493056,2222080,2270976
1-Sep-99,37,4549413,2252815,2296598
1-Sep-99,38,4454512,2201513,2252999
1-Sep-99,39,4642317,2296313,2346004
1-Sep-99,40,4658930,2313427,2345503
1-Sep-99,41,4411770,2178710,2233060
1-Sep-99,42,4506240,2230055,2276185
1-Sep-99,43,4311570,2120152,2191418
1-Sep-99,44,4268576,2108429,2160147
1-Sep-99,45,4251389,2099752,2151637
1-Sep-99,46,4003299,1964314,2038985
1-Sep-99,47,3987088,1957816,2029272
1-Sep-99,48,3693664,1810844,1882820
1-Sep-99,49,3802417,1866158,1936259
1-Sep-99,50,3760626,1844527,1916099
1-Sep-99,51,3597009,1758751,1838258
1-Sep-99,52,3919518,1922284,1997234
1-Sep-99,53,2888863,1406210,1482653
1-Sep-99,54,2891452,1410663,1480789
1-Sep-99,55,2844044,1382330,1461714
1-Sep-99,56,2960480,1436088,1524392
1-Sep-99,57,2634290,1270127,1364163
1-Sep-99,58,2417561,1162597,1254964
1-Sep-99,59,2342863,1124183,1218680
1-Sep-99,60,2307471,1104442,1203029
1-Sep-99,61,2189975,1046126,1143849
1-Sep-99,62,2097004,997127,1099877
1-Sep-99,63,2051630,970109,1081521
1-Sep-99,64,2068987,972796,1096191
1-Sep-99,65,1937105,906195,1030910
1-Sep-99,66,1885126,873321,1011805
1-Sep-99,67,1915110,880708,1034402
1-Sep-99,68,1900655,871855,1028800
1-Sep-99,69,1903268,868592,1034676
1-Sep-99,70,1868383,835319,1033064
1-Sep-99,71,1820921,812765,1008156
1-Sep-99,72,1764173,774056,990117
1-Sep-99,73,1715667,746333,969334
1-Sep-99,74,1704082,727940,976142
1-Sep-99,75,1641204,691203,950001
1-Sep-99,76,1543102,641443,901659
1-Sep-99,77,1490937,613220,877717
1-Sep-99,78,1417108,573760,843348
1-Sep-99,79,1273308,502213,771095
1-Sep-99,80,1191138,459594,731544
1-Sep-99,81,1054791,397586,657205
1-Sep-99,82,974930,362970,611960
1-Sep-99,83,877623,313665,563958
1-Sep-99,84,801086,277559,523527
1-Sep-99,85,716195,238554,477641
1-Sep-99,86,630889,202428,428461
1-Sep-99,87,539183,167953,371230
1-Sep-99,88,462883,136572,326311
1-Sep-99,89,396680,112599,284081
1-Sep-99,90,323248,87943,235305
1-Sep-99,91,265153,68340,196813
1-Sep-99,92,212711,52932,159779
1-Sep-99,93,168311,39250,129061
1-Sep-99,94,134493,30285,104208
1-Sep-99,95,95476,20504,74972
1-Sep-99,96,71822,14469,57353
1-Sep-99,97,50757,9962,40795
1-Sep-99,98,38676,7247,31429
1-Sep-99,99,25509,4832,20677
1-Sep-99,100+,49274,9610,39664
,,,,
1-Oct-99,All Age,278733099,136234308,142498791
1-Oct-99,0,3800221,1945853,1854368
1-Oct-99,1,3802246,1944266,1857980
1-Oct-99,2,3776100,1930576,1845524
1-Oct-99,3,3826448,1956439,1870009
1-Oct-99,4,3942536,2018313,1924223
1-Oct-99,5,3985050,2042067,1942983
1-Oct-99,6,4044189,2072658,1971531
1-Oct-99,7,4140786,2118733,2022053
1-Oct-99,8,4174597,2136098,2038499
1-Oct-99,9,4249508,2178001,2071507
1-Oct-99,10,4180811,2143540,2037271
1-Oct-99,11,4080140,2089564,1990576
1-Oct-99,12,4016630,2057302,1959328
1-Oct-99,13,4004063,2050889,1953174
1-Oct-99,14,4039391,2072290,1967101
1-Oct-99,15,3967071,2038726,1928345
1-Oct-99,16,3995915,2059279,1936636
1-Oct-99,17,4053041,2093595,1959446
1-Oct-99,18,3919660,1997427,1922233
1-Oct-99,19,4094533,2066434,2028099
1-Oct-99,20,3881222,1959336,1921886
1-Oct-99,21,3691405,1861504,1829901
1-Oct-99,22,3664509,1847286,1817223
1-Oct-99,23,3516751,1773652,1743099
1-Oct-99,24,3583384,1803586,1779798
1-Oct-99,25,3633268,1828246,1805022
1-Oct-99,26,3602383,1803607,1798776
1-Oct-99,27,3834339,1920610,1913729
1-Oct-99,28,4033925,2012749,2021176
1-Oct-99,29,4191410,2092925,2098485
1-Oct-99,30,4172338,2099363,2072975
1-Oct-99,31,3905327,1951206,1954121
1-Oct-99,32,3993141,1992328,2000813
1-Oct-99,33,3992148,1985076,2007072
1-Oct-99,34,4283386,2134088,2149298
1-Oct-99,35,4537317,2261348,2275969
1-Oct-99,36,4491092,2221135,2269957
1-Oct-99,37,4550764,2253645,2297119
1-Oct-99,38,4427678,2188405,2239273
1-Oct-99,39,4671626,2310869,2360757
1-Oct-99,40,4653045,2310791,2342254
1-Oct-99,41,4414863,2180067,2234796
1-Oct-99,42,4511526,2232944,2278582
1-Oct-99,43,4321740,2125229,2196511
1-Oct-99,44,4280617,2114935,2165682
1-Oct-99,45,4265181,2106931,2158250
1-Oct-99,46,4006604,1965847,2040757
1-Oct-99,47,4012542,1970561,2041981
1-Oct-99,48,3689688,1808839,1880849
1-Oct-99,49,3825350,1878035,1947315
1-Oct-99,50,3756429,1842337,1914092
1-Oct-99,51,3601800,1761002,1840798
1-Oct-99,52,3906631,1915848,1990783
1-Oct-99,53,2972903,1447896,1525007
1-Oct-99,54,2898451,1414394,1484057
1-Oct-99,55,2831470,1376152,1455318
1-Oct-99,56,2950900,1431356,1519544
1-Oct-99,57,2689876,1297640,1392236
1-Oct-99,58,2419670,1163302,1256368
1-Oct-99,59,2355335,1130450,1224885
1-Oct-99,60,2306321,1103968,1202353
1-Oct-99,61,2195070,1048685,1146385
1-Oct-99,62,2106883,1002096,1104787
1-Oct-99,63,2049680,969225,1080455
1-Oct-99,64,2068157,972350,1095807
1-Oct-99,65,1950249,912520,1037729
1-Oct-99,66,1879344,871068,1008276
1-Oct-99,67,1913829,880337,1033492
1-Oct-99,68,1892073,868118,1023955
1-Oct-99,69,1906090,869483,1036607
1-Oct-99,70,1868092,836062,1032030
1-Oct-99,71,1815785,810629,1005156
1-Oct-99,72,1770007,777424,992583
1-Oct-99,73,1715951,746690,969261
1-Oct-99,74,1701848,727083,974765
1-Oct-99,75,1644272,692544,951728
1-Oct-99,76,1544738,642374,902364
1-Oct-99,77,1486855,611426,875429
1-Oct-99,78,1421289,575557,845732
1-Oct-99,79,1280060,505233,774827
1-Oct-99,80,1193248,460733,732515
1-Oct-99,81,1058186,399257,658929
1-Oct-99,82,976016,363345,612671
1-Oct-99,83,878426,314249,564177
1-Oct-99,84,802152,278185,523967
1-Oct-99,85,718830,239679,479151
1-Oct-99,86,631708,202919,428789
1-Oct-99,87,542354,168943,373411
1-Oct-99,88,463794,137207,326587
1-Oct-99,89,397981,112874,285107
1-Oct-99,90,323927,88205,235722
1-Oct-99,91,265623,68525,197098
1-Oct-99,92,213729,53212,160517
1-Oct-99,93,168500,39339,129161
1-Oct-99,94,134228,30225,104003
1-Oct-99,95,96020,20627,75393
1-Oct-99,96,72011,14516,57495
1-Oct-99,97,51085,10018,41067
1-Oct-99,98,38294,7186,31108
1-Oct-99,99,25951,4928,21023
1-Oct-99,100+,49473,9694,39779
,,,,
1-Nov-99,All Age,279008868,136380372,142628496
1-Nov-99,0,3793854,1942529,1851325
1-Nov-99,1,3806191,1946024,1860167
1-Nov-99,2,3768467,1927257,1841210
1-Nov-99,3,3833106,1960024,1873082
1-Nov-99,4,3943204,2018707,1924497
1-Nov-99,5,3983295,2040431,1942864
1-Nov-99,6,4034658,2067581,1967077
1-Nov-99,7,4136912,2117935,2018977
1-Nov-99,8,4172598,2133861,2038737
1-Nov-99,9,4257707,2182357,2075350
1-Nov-99,10,4197754,2152202,2045552
1-Nov-99,11,4084577,2091990,1992587
1-Nov-99,12,4025714,2061953,1963761
1-Nov-99,13,3999555,2048377,1951178
1-Nov-99,14,4043675,2074801,1968874
1-Nov-99,15,3984080,2047255,1936825
1-Nov-99,16,3987497,2055055,1932442
1-Nov-99,17,4063945,2099378,1964567
1-Nov-99,18,3906587,1990954,1915633
1-Nov-99,19,4112312,2075506,2036806
1-Nov-99,20,3896108,1967012,1929096
1-Nov-99,21,3693379,1862364,1831015
1-Nov-99,22,3674767,1852908,1821859
1-Nov-99,23,3531609,1781498,1750111
1-Nov-99,24,3573979,1799352,1774627
1-Nov-99,25,3653796,1838832,1814964
1-Nov-99,26,3597149,1802106,1795043
1-Nov-99,27,3813419,1910837,1902582
1-Nov-99,28,4013896,2002956,2010940
1-Nov-99,29,4211107,2102502,2108605
1-Nov-99,30,4182847,2104981,2077866
1-Nov-99,31,3909662,1953867,1955795
1-Nov-99,32,3986121,1989601,1996520
1-Nov-99,33,3984881,1981526,2003355
1-Nov-99,34,4262664,2124276,2138388
1-Nov-99,35,4529077,2257088,2271989
1-Nov-99,36,4486166,2218613,2267553
1-Nov-99,37,4554369,2255605,2298764
1-Nov-99,38,4411681,2180603,2231078
1-Nov-99,39,4691558,2320855,2370703
1-Nov-99,40,4643871,2306523,2337348
1-Nov-99,41,4413308,2179256,2234052
1-Nov-99,42,4521800,2238443,2283357
1-Nov-99,43,4335120,2131877,2203243
1-Nov-99,44,4290745,2120424,2170321
1-Nov-99,45,4286155,2117663,2168492
1-Nov-99,46,4003379,1964232,2039147
1-Nov-99,47,4030249,1979434,2050815
1-Nov-99,48,3690020,1808912,1881108
1-Nov-99,49,3844869,1888225,1956644
1-Nov-99,50,3756476,1842216,1914260
1-Nov-99,51,3603399,1761637,1841762
1-Nov-99,52,3879602,1902377,1977225
1-Nov-99,53,3074508,1498246,1576262
1-Nov-99,54,2901028,1415908,1485120
1-Nov-99,55,2824338,1372545,1451793
1-Nov-99,56,2926723,1419428,1507295
1-Nov-99,57,2742291,1323626,1418665
1-Nov-99,58,2426506,1166315,1260191
1-Nov-99,59,2365073,1135237,1229836
1-Nov-99,60,2306582,1104155,1202427
1-Nov-99,61,2199527,1050920,1148607
1-Nov-99,62,2118440,1007843,1110597
1-Nov-99,63,2048385,968632,1079753
1-Nov-99,64,2064553,970540,1094013
1-Nov-99,65,1965249,919657,1045592
1-Nov-99,66,1873199,868599,1004600
1-Nov-99,67,1913985,880688,1033297
1-Nov-99,68,1883328,864140,1019188
1-Nov-99,69,1905679,868842,1036837
1-Nov-99,70,1869195,837473,1031722
1-Nov-99,71,1809922,807991,1001931
1-Nov-99,72,1775377,780531,994846
1-Nov-99,73,1716665,747207,969458
1-Nov-99,74,1698160,725623,972537
1-Nov-99,75,1646454,693452,953002
1-Nov-99,76,1546880,643423,903457
1-Nov-99,77,1482400,609465,872935
1-Nov-99,78,1423467,576353,847114
1-Nov-99,79,1287608,508759,778849
1-Nov-99,80,1194970,461551,733419
1-Nov-99,81,1061018,400706,660312
1-Nov-99,82,977412,363816,613596
1-Nov-99,83,879150,314767,564383
1-Nov-99,84,802558,278590,523968
1-Nov-99,85,721493,240844,480649
1-Nov-99,86,632280,203293,428987
1-Nov-99,87,545475,169907,375568
1-Nov-99,88,464363,137734,326629
1-Nov-99,89,399152,113155,285997
1-Nov-99,90,324715,88496,236219
1-Nov-99,91,266019,68686,197333
1-Nov-99,92,214896,53535,161361
1-Nov-99,93,168750,39456,129294
1-Nov-99,94,133891,30163,103728
1-Nov-99,95,96595,20758,75837
1-Nov-99,96,72223,14571,57652
1-Nov-99,97,51552,10096,41456
1-Nov-99,98,37853,7115,30738
1-Nov-99,99,26370,5018,21352
1-Nov-99,100+,49695,9739,39956
,,,,
1-Dec-99,All Age,279256835,136511825,142745010
1-Dec-99,0,3794814,1943111,1851703
1-Dec-99,1,3812075,1948782,1863293
1-Dec-99,2,3766371,1926616,1839755
1-Dec-99,3,3832208,1959187,1873021
1-Dec-99,4,3935384,2015060,1920324
1-Dec-99,5,3987445,2042211,1945234
1-Dec-99,6,4030111,2065069,1965042
1-Dec-99,7,4136509,2118452,2018057
1-Dec-99,8,4165092,2129748,2035344
1-Dec-99,9,4264579,2185566,2079013
1-Dec-99,10,4212645,2159800,2052845
1-Dec-99,11,4092258,2096073,1996185
1-Dec-99,12,4040667,2069610,1971057
1-Dec-99,13,3990065,2043338,1946727
1-Dec-99,14,4050947,2078853,1972094
1-Dec-99,15,3990349,2050280,1940069
1-Dec-99,16,3982312,2052521,1929791
1-Dec-99,17,4074703,2105052,1969651
1-Dec-99,18,3899142,1987884,1911258
1-Dec-99,19,4122791,2080960,2041831
1-Dec-99,20,3909319,1973712,1935607
1-Dec-99,21,3698548,1864929,1833619
1-Dec-99,22,3682109,1856884,1825225
1-Dec-99,23,3548620,1790072,1758548
1-Dec-99,24,3568481,1797076,1771405
1-Dec-99,25,3663568,1844121,1819447
1-Dec-99,26,3587699,1798123,1789576
1-Dec-99,27,3803213,1906375,1896838
1-Dec-99,28,3986262,1989688,1996574
1-Dec-99,29,4230855,2112144,2118711
1-Dec-99,30,4190100,2108968,2081132
1-Dec-99,31,3920844,1959837,1961007
1-Dec-99,32,3975530,1985053,1990477
1-Dec-99,33,3979840,1978986,2000854
1-Dec-99,34,4247239,2117134,2130105
1-Dec-99,35,4524320,2254339,2269981
1-Dec-99,36,4477281,2214238,2263043
1-Dec-99,37,4555476,2256141,2299335
1-Dec-99,38,4393128,2171364,2221764
1-Dec-99,39,4711669,2330817,2380852
1-Dec-99,40,4639776,2304723,2335053
1-Dec-99,41,4412381,2178639,2233742
1-Dec-99,42,4529124,2242297,2286827
1-Dec-99,43,4339590,2134030,2205560
1-Dec-99,44,4299328,2125134,2174194
1-Dec-99,45,4304071,2126834,2177237
1-Dec-99,46,4007605,1966198,2041407
1-Dec-99,47,4050984,1989792,2061192
1-Dec-99,48,3685889,1806786,1879103
1-Dec-99,49,3864193,1898245,1965948
1-Dec-99,50,3753182,1840449,1912733
1-Dec-99,51,3607766,1763647,1844119
1-Dec-99,52,3839242,1882373,1956869
1-Dec-99,53,3182008,1551410,1630598
1-Dec-99,54,2897186,1414275,1482911
1-Dec-99,55,2828890,1374640,1454250
1-Dec-99,56,2902840,1407626,1495214
1-Dec-99,57,2782956,1343905,1439051
1-Dec-99,58,2433094,1169218,1263876
1-Dec-99,59,2374465,1139846,1234619
1-Dec-99,60,2306830,1104343,1202487
1-Dec-99,61,2203826,1053083,1150743
1-Dec-99,62,2129589,1013373,1116216
1-Dec-99,63,2047122,968056,1079066
1-Dec-99,64,2061053,968781,1092272
1-Dec-99,65,1979693,926524,1053169
1-Dec-99,66,1867239,866202,1001037
1-Dec-99,67,1914088,881012,1033076
1-Dec-99,68,1874849,860286,1014563
1-Dec-99,69,1905283,868224,1037059
1-Dec-99,70,1870180,838797,1031383
1-Dec-99,71,1804225,805432,998793
1-Dec-99,72,1780470,783482,996988
1-Dec-99,73,1717294,747679,969615
1-Dec-99,74,1694500,724154,970346
1-Dec-99,75,1648470,694290,954180
1-Dec-99,76,1548846,644380,904466
1-Dec-99,77,1478033,607545,870488
1-Dec-99,78,1425473,577073,848400
1-Dec-99,79,1294716,512062,782654
1-Dec-99,80,1196491,462270,734221
1-Dec-99,81,1063587,402016,661571
1-Dec-99,82,978624,364202,614422
1-Dec-99,83,879683,315190,564493
1-Dec-99,84,802806,278905,523901
1-Dec-99,85,723877,241880,481997
1-Dec-99,86,632675,203584,429091
1-Dec-99,87,548299,170757,377542
1-Dec-99,88,464748,138177,326571
1-Dec-99,89,400109,113369,286740
1-Dec-99,90,325308,88720,236588
1-Dec-99,91,266259,68798,197461
1-Dec-99,92,215860,53800,162060
1-Dec-99,93,168865,39531,129334
1-Dec-99,94,133456,30069,103387
1-Dec-99,95,97045,20857,76188
1-Dec-99,96,72342,14605,57737
1-Dec-99,97,51919,10156,41763
1-Dec-99,98,37403,7042,30361
1-Dec-99,99,26710,5089,21621
1-Dec-99,100+,49852,9789,40063
Intercensal Estimates of the United States Civilian Population by Age and Sex: 2000,,,,
,,,,
1-Jan-00,All Age,279523188,136654948,142868240
1-Jan-00,0,3803453,1947719,1855734
1-Jan-00,1,3816646,1951304,1865342
1-Jan-00,2,3773178,1929817,1843361
1-Jan-00,3,3840163,1963473,1876690
1-Jan-00,4,3924534,2009608,1914926
1-Jan-00,5,3984021,2040493,1943528
1-Jan-00,6,4024543,2061740,1962803
1-Jan-00,7,4134443,2117611,2016832
1-Jan-00,8,4171709,2133163,2038546
1-Jan-00,9,4264360,2185397,2078963
1-Jan-00,10,4230386,2168849,2061537
1-Jan-00,11,4093175,2096683,1996492
1-Jan-00,12,4049448,2074088,1975360
1-Jan-00,13,3991142,2043684,1947458
1-Jan-00,14,4062456,2085078,1977378
1-Jan-00,15,3993157,2051531,1941626
1-Jan-00,16,3981264,2052133,1929131
1-Jan-00,17,4075591,2105486,1970105
1-Jan-00,18,3892332,1985635,1906697
1-Jan-00,19,4146489,2093531,2052958
1-Jan-00,20,3915141,1976777,1938364
1-Jan-00,21,3712547,1872273,1840274
1-Jan-00,22,3681044,1856205,1824839
1-Jan-00,23,3559089,1795039,1764050
1-Jan-00,24,3571023,1798645,1772378
1-Jan-00,25,3672923,1849529,1823394
1-Jan-00,26,3572962,1791145,1781817
1-Jan-00,27,3801275,1905764,1895511
1-Jan-00,28,3941263,1967815,1973448
1-Jan-00,29,4254037,2123715,2130322
1-Jan-00,30,4201995,2115365,2086630
1-Jan-00,31,3937930,1968923,1969007
1-Jan-00,32,3967105,1981555,1985550
1-Jan-00,33,3974353,1976206,1998147
1-Jan-00,34,4231254,2110009,2121245
1-Jan-00,35,4515084,2249487,2265597
1-Jan-00,36,4468588,2209963,2258625
1-Jan-00,37,4560546,2258744,2301802
1-Jan-00,38,4365393,2157621,2207772
1-Jan-00,39,4736176,2342920,2393256
1-Jan-00,40,4636483,2303312,2333171
1-Jan-00,41,4415118,2179792,2235326
1-Jan-00,42,4532247,2244095,2288152
1-Jan-00,43,4346766,2137532,2209234
1-Jan-00,44,4310538,2131104,2179434
1-Jan-00,45,4307698,2128956,2178742
1-Jan-00,46,4023640,1973975,2049665
1-Jan-00,47,4072593,2000633,2071960
1-Jan-00,48,3680180,1803841,1876339
1-Jan-00,49,3890850,1911876,1978974
1-Jan-00,50,3746156,1836871,1909285
1-Jan-00,51,3617176,1768121,1849055
1-Jan-00,52,3792813,1859377,1933436
1-Jan-00,53,3291938,1605689,1686249
1-Jan-00,54,2892617,1412378,1480239
1-Jan-00,55,2835090,1377522,1457568
1-Jan-00,56,2878912,1395822,1483090
1-Jan-00,57,2820128,1362485,1457643
1-Jan-00,58,2439880,1172212,1267668
1-Jan-00,59,2384149,1144601,1239548
1-Jan-00,60,2307048,1104527,1202521
1-Jan-00,61,2208265,1055323,1152942
1-Jan-00,62,2141096,1019098,1121998
1-Jan-00,63,2045787,967454,1078333
1-Jan-00,64,2057386,966944,1090442
1-Jan-00,65,1994551,933585,1060966
1-Jan-00,66,1861037,863707,997330
1-Jan-00,67,1914140,881318,1032822
1-Jan-00,68,1866063,856310,1009753
1-Jan-00,69,1904863,867606,1037257
1-Jan-00,70,1871126,840143,1030983
1-Jan-00,71,1798289,802794,995495
1-Jan-00,72,1785616,786484,999132
1-Jan-00,73,1717861,748131,969730
1-Jan-00,74,1690634,722627,968007
1-Jan-00,75,1650457,695132,955325
1-Jan-00,76,1550745,645326,905419
1-Jan-00,77,1473426,605532,867894
1-Jan-00,78,1427387,577777,849610
1-Jan-00,79,1301829,515374,786455
1-Jan-00,80,1197861,462953,734908
1-Jan-00,81,1066033,403284,662749
1-Jan-00,82,979704,364550,615154
1-Jan-00,83,880036,315548,564488
1-Jan-00,84,802873,279166,523707
1-Jan-00,85,726094,242858,483236
1-Jan-00,86,632874,203817,429057
1-Jan-00,87,550951,171556,379395
1-Jan-00,88,464939,138564,326375
1-Jan-00,89,400877,113529,287348
1-Jan-00,90,325719,88900,236819
1-Jan-00,91,266325,68862,197463
1-Jan-00,92,216653,54020,162633
1-Jan-00,93,168821,39564,129257
1-Jan-00,94,132885,29948,102937
1-Jan-00,95,97375,20930,76445
1-Jan-00,96,72361,14621,57740
1-Jan-00,97,52195,10201,41994
1-Jan-00,98,36892,6957,29935
1-Jan-00,99,26984,5148,21836
1-Jan-00,100+,49940,9863,40077
,,,,
1-Feb-00,All Age,279733277,136766515,142966762
1-Feb-00,0,3805438,1949029,1856409
1-Feb-00,1,3817807,1951841,1865966
1-Feb-00,2,3775224,1931639,1843585
1-Feb-00,3,3843370,1964698,1878672
1-Feb-00,4,3923748,2009350,1914398
1-Feb-00,5,3980427,2038822,1941605
1-Feb-00,6,4023277,2060468,1962809
1-Feb-00,7,4124282,2112671,2011611
1-Feb-00,8,4172744,2134360,2038384
1-Feb-00,9,4268688,2187007,2081681
1-Feb-00,10,4247370,2177565,2069805
1-Feb-00,11,4100756,2100651,2000105
1-Feb-00,12,4054960,2076785,1978175
1-Feb-00,13,3994798,2045629,1949169
1-Feb-00,14,4059221,2083322,1975899
1-Feb-00,15,4008187,2059287,1948900
1-Feb-00,16,3975918,2049253,1926665
1-Feb-00,17,4062811,2099041,1963770
1-Feb-00,18,3934033,2007559,1926474
1-Feb-00,19,4117023,2078028,2038995
1-Feb-00,20,3926644,1982009,1944635
1-Feb-00,21,3728743,1880449,1848294
1-Feb-00,22,3683524,1857560,1825964
1-Feb-00,23,3573045,1802234,1770811
1-Feb-00,24,3572732,1799560,1773172
1-Feb-00,25,3677746,1852687,1825059
1-Feb-00,26,3571481,1790523,1780958
1-Feb-00,27,3782923,1895842,1887081
1-Feb-00,28,3934850,1966233,1968617
1-Feb-00,29,4240999,2117496,2123503
1-Feb-00,30,4216150,2122466,2093684
1-Feb-00,31,3955276,1977729,1977547
1-Feb-00,32,3958947,1977554,1981393
1-Feb-00,33,3983409,1981417,2001992
1-Feb-00,34,4200853,2094261,2106592
1-Feb-00,35,4505381,2244947,2260434
1-Feb-00,36,4464839,2208589,2256250
1-Feb-00,37,4535534,2245584,2289950
1-Feb-00,38,4417619,2184549,2233070
1-Feb-00,39,4685102,2316215,2368887
1-Feb-00,40,4650997,2311404,2339593
1-Feb-00,41,4424589,2184592,2239997
1-Feb-00,42,4529700,2242322,2287378
1-Feb-00,43,4369434,2150711,2218723
1-Feb-00,44,4302334,2125136,2177198
1-Feb-00,45,4309340,2130556,2178784
1-Feb-00,46,4044212,1984609,2059603
1-Feb-00,47,4062463,1995427,2067036
1-Feb-00,48,3745404,1837031,1908373
1-Feb-00,49,3838915,1884568,1954347
1-Feb-00,50,3767591,1848463,1919128
1-Feb-00,51,3623288,1771286,1852002
1-Feb-00,52,3747026,1836099,1910927
1-Feb-00,53,3420294,1669993,1750301
1-Feb-00,54,2861154,1395781,1465373
1-Feb-00,55,2842737,1381783,1460954
1-Feb-00,56,2861411,1387079,1474332
1-Feb-00,57,2839974,1372242,1467732
1-Feb-00,58,2471317,1188062,1283255
1-Feb-00,59,2383702,1143878,1239824
1-Feb-00,60,2309009,1105738,1203271
1-Feb-00,61,2212534,1057403,1155131
1-Feb-00,62,2151242,1024087,1127155
1-Feb-00,63,2050024,969534,1080490
1-Feb-00,64,2049235,962923,1086312
1-Feb-00,65,2006537,939358,1067179
1-Feb-00,66,1860570,863747,996823
1-Feb-00,67,1909614,879528,1030086
1-Feb-00,68,1863488,855290,1008198
1-Feb-00,69,1896758,863192,1033566
1-Feb-00,70,1872225,841498,1030727
1-Feb-00,71,1796197,801900,994297
1-Feb-00,72,1785693,787179,998514
1-Feb-00,73,1720033,749093,970940
1-Feb-00,74,1685614,720609,965005
1-Feb-00,75,1651981,695817,956164
1-Feb-00,76,1550845,645350,905495
1-Feb-00,77,1468611,603328,865283
1-Feb-00,78,1428538,578132,850406
1-Feb-00,79,1307131,517859,789272
1-Feb-00,80,1199554,463727,735827
1-Feb-00,81,1067739,404268,663471
1-Feb-00,82,979950,364485,615465
1-Feb-00,83,881522,316308,565214
1-Feb-00,84,801181,278786,522395
1-Feb-00,85,727170,243451,483719
1-Feb-00,86,633338,204126,429212
1-Feb-00,87,553370,172314,381056
1-Feb-00,88,464398,138650,325748
1-Feb-00,89,400908,113545,287363
1-Feb-00,90,326293,89129,237164
1-Feb-00,91,266405,68924,197481
1-Feb-00,92,216856,54091,162765
1-Feb-00,93,168802,39593,129209
1-Feb-00,94,132114,29790,102324
1-Feb-00,95,97652,21004,76648
1-Feb-00,96,72358,14632,57726
1-Feb-00,97,52402,10241,42161
1-Feb-00,98,36549,6897,29652
1-Feb-00,99,27045,5170,21875
1-Feb-00,100+,50031,9888,40143
,,,,
1-Mar-00,All Age,279956536,136886474,143070062
1-Mar-00,0,3802478,1947009,1855469
1-Mar-00,1,3818827,1952312,1866515
1-Mar-00,2,3782065,1934639,1847426
1-Mar-00,3,3833380,1959709,1873671
1-Mar-00,4,3931003,2013434,1917569
1-Mar-00,5,3974957,2035912,1939045
1-Mar-00,6,4020758,2058700,1962058
1-Mar-00,7,4114111,2107696,2006415
1-Mar-00,8,4181329,2139110,2042219
1-Mar-00,9,4269252,2186998,2082254
1-Mar-00,10,4261518,2184832,2076686
1-Mar-00,11,4099798,2100271,1999527
1-Mar-00,12,4071178,2085005,1986173
1-Mar-00,13,4000747,2048795,1951952
1-Mar-00,14,4056106,2081656,1974450
1-Mar-00,15,4010137,2060348,1949789
1-Mar-00,16,3982050,2052321,1929729
1-Mar-00,17,4051272,2093272,1958000
1-Mar-00,18,3973555,2028305,1945250
1-Mar-00,19,4079177,2058335,2020842
1-Mar-00,20,3950298,1993037,1957261
1-Mar-00,21,3742682,1887723,1854959
1-Mar-00,22,3681613,1856337,1825276
1-Mar-00,23,3583642,1808093,1775549
1-Mar-00,24,3582488,1804557,1777931
1-Mar-00,25,3683138,1856234,1826904
1-Mar-00,26,3574970,1792560,1782410
1-Mar-00,27,3755010,1882022,1872988
1-Mar-00,28,3943559,1972245,1971314
1-Mar-00,29,4221516,2108144,2113372
1-Mar-00,30,4233476,2131480,2101996
1-Mar-00,31,3959882,1980410,1979472
1-Mar-00,32,3965844,1981351,1984493
1-Mar-00,33,3987498,1984166,2003332
1-Mar-00,34,4176774,2081796,2094978
1-Mar-00,35,4482896,2234017,2248879
1-Mar-00,36,4477666,2215582,2262084
1-Mar-00,37,4510098,2232363,2277735
1-Mar-00,38,4465633,2209420,2256213
1-Mar-00,39,4628099,2286934,2341165
1-Mar-00,40,4677458,2325608,2351850
1-Mar-00,41,4431842,2188295,2243547
1-Mar-00,42,4532422,2243307,2289115
1-Mar-00,43,4376108,2155946,2220162
1-Mar-00,44,4303931,2124145,2179786
1-Mar-00,45,4318386,2135709,2182677
1-Mar-00,46,4060988,1993439,2067549
1-Mar-00,47,4037921,1983219,2054702
1-Mar-00,48,3817789,1873667,1944122
1-Mar-00,49,3794745,1861297,1933448
1-Mar-00,50,3788825,1859903,1928922
1-Mar-00,51,3612750,1766349,1846401
1-Mar-00,52,3731153,1827556,1903597
1-Mar-00,53,3525595,1722903,1802692
1-Mar-00,54,2836863,1382789,1454074
1-Mar-00,55,2840395,1381139,1459256
1-Mar-00,56,2855622,1384077,1471545
1-Mar-00,57,2852712,1378555,1474157
1-Mar-00,58,2505650,1205251,1300399
1-Mar-00,59,2376999,1140231,1236768
1-Mar-00,60,2317514,1110073,1207441
1-Mar-00,61,2216533,1059352,1157181
1-Mar-00,62,2160534,1028664,1131870
1-Mar-00,63,2048443,968875,1079568
1-Mar-00,64,2047648,962026,1085622
1-Mar-00,65,2017482,944636,1072846
1-Mar-00,66,1860321,863877,996444
1-Mar-00,67,1900410,875580,1024830
1-Mar-00,68,1866513,856860,1009653
1-Mar-00,69,1889682,859346,1030336
1-Mar-00,70,1873411,842828,1030583
1-Mar-00,71,1789585,799017,990568
1-Mar-00,72,1790905,790113,1000792
1-Mar-00,73,1722210,750077,972133
1-Mar-00,74,1681301,718901,962400
1-Mar-00,75,1649197,694721,954476
1-Mar-00,76,1555568,647331,908237
1-Mar-00,77,1464558,601478,863080
1-Mar-00,78,1429801,578568,851233
1-Mar-00,79,1308725,518862,789863
1-Mar-00,80,1204782,465880,738902
1-Mar-00,81,1069484,405242,664242
1-Mar-00,82,980395,364526,615869
1-Mar-00,83,880743,316245,564498
1-Mar-00,84,802153,279326,522827
1-Mar-00,85,728307,244036,484271
1-Mar-00,86,633934,204452,429482
1-Mar-00,87,554297,172608,381689
1-Mar-00,88,465390,139164,326226
1-Mar-00,89,401050,113584,287466
1-Mar-00,90,326874,89350,237524
1-Mar-00,91,265874,68826,197048
1-Mar-00,92,217702,54312,163390
1-Mar-00,93,168813,39626,129187
1-Mar-00,94,131461,29655,101806
1-Mar-00,95,97669,21012,76657
1-Mar-00,96,72574,14681,57893
1-Mar-00,97,52570,10268,42302
1-Mar-00,98,36255,6850,29405
1-Mar-00,99,27075,5181,21894
1-Mar-00,100+,50159,9950,40209
,,,,
1-Apr-00,All Age,280218971,137022049,143196922
1-Apr-00,0,3805648,1949017,1856631
1-Apr-00,1,3820582,1953105,1867477
1-Apr-00,2,3790446,1938990,1851456
1-Apr-00,3,3832799,1958963,1873836
1-Apr-00,4,3926323,2010658,1915665
1-Apr-00,5,3965103,2031072,1934031
1-Apr-00,6,4019705,2058217,1961488
1-Apr-00,7,4118147,2109868,2008279
1-Apr-00,8,4179230,2137829,2041401
1-Apr-00,9,4267320,2186291,2081029
1-Apr-00,10,4274056,2191244,2082812
1-Apr-00,11,4115093,2108157,2006936
1-Apr-00,12,4075842,2087228,1988614
1-Apr-00,13,4010850,2054008,1956842
1-Apr-00,14,4052231,2079560,1972671
1-Apr-00,15,4019404,2065127,1954277
1-Apr-00,16,3975021,2048582,1926439
1-Apr-00,17,4044284,2089909,1954375
1-Apr-00,18,4019358,2053052,1966306
1-Apr-00,19,4053037,2045022,2008015
1-Apr-00,20,3964435,1999764,1964671
1-Apr-00,21,3757300,1895073,1862227
1-Apr-00,22,3681137,1856343,1824794
1-Apr-00,23,3607006,1819748,1787258
1-Apr-00,24,3582718,1804852,1777866
1-Apr-00,25,3690400,1860352,1830048
1-Apr-00,26,3570343,1790437,1779906
1-Apr-00,27,3742814,1874691,1868123
1-Apr-00,28,3938863,1971309,1967554
1-Apr-00,29,4198621,2096992,2101629
1-Apr-00,30,4250569,2140095,2110474
1-Apr-00,31,3975249,1988093,1987156
1-Apr-00,32,3958794,1977934,1980860
1-Apr-00,33,3991022,1986776,2004246
1-Apr-00,34,4151816,2068745,2083071
1-Apr-00,35,4478615,2232337,2246278
1-Apr-00,36,4473000,2213658,2259342
1-Apr-00,37,4478661,2215995,2262666
1-Apr-00,38,4518736,2236800,2281936
1-Apr-00,39,4578966,2261003,2317963
1-Apr-00,40,4687486,2331438,2356048
1-Apr-00,41,4447183,2195898,2251285
1-Apr-00,42,4530971,2242263,2288708
1-Apr-00,43,4395104,2167281,2227823
1-Apr-00,44,4298267,2119418,2178849
1-Apr-00,45,4333028,2143743,2189285
1-Apr-00,46,4080656,2003590,2077066
1-Apr-00,47,4014100,1971289,2042811
1-Apr-00,48,3880843,1905881,1974962
1-Apr-00,49,3755170,1840043,1915127
1-Apr-00,50,3805877,1869305,1936572
1-Apr-00,51,3614937,1767612,1847325
1-Apr-00,52,3705831,1814338,1891493
1-Apr-00,53,3633845,1777349,1856496
1-Apr-00,54,2817024,1371931,1445093
1-Apr-00,55,2850175,1386472,1463703
1-Apr-00,56,2837192,1374958,1462234
1-Apr-00,57,2863803,1383999,1479804
1-Apr-00,58,2539993,1222562,1317431
1-Apr-00,59,2376929,1139705,1237224
1-Apr-00,60,2319872,1111494,1208378
1-Apr-00,61,2221187,1061642,1159545
1-Apr-00,62,2171052,1033846,1137206
1-Apr-00,63,2053135,971188,1081947
1-Apr-00,64,2040014,958283,1081731
1-Apr-00,65,2029911,950651,1079260
1-Apr-00,66,1860320,864156,996164
1-Apr-00,67,1896451,874079,1022372
1-Apr-00,68,1864515,856145,1008370
1-Apr-00,69,1882348,855331,1027017
1-Apr-00,70,1875175,844517,1030658
1-Apr-00,71,1788269,798517,989752
1-Apr-00,72,1791696,791164,1000532
1-Apr-00,73,1725168,751433,973735
1-Apr-00,74,1677133,717281,959852
1-Apr-00,75,1651641,695865,955776
1-Apr-00,76,1556567,647773,908794
1-Apr-00,77,1460781,599742,861039
1-Apr-00,78,1431916,579368,852548
1-Apr-00,79,1314908,521708,793200
1-Apr-00,80,1207365,467013,740352
1-Apr-00,81,1072048,406546,665502
1-Apr-00,82,981562,364815,616747
1-Apr-00,83,883063,317289,565774
1-Apr-00,84,801329,279234,522095
1-Apr-00,85,730194,244874,485320
1-Apr-00,86,635154,204981,430173
1-Apr-00,87,557330,173520,383810
1-Apr-00,88,465481,139395,326086
1-Apr-00,89,401659,113731,287928
1-Apr-00,90,327904,89678,238226
1-Apr-00,91,266386,68980,197406
1-Apr-00,92,218217,54437,163780
1-Apr-00,93,169066,39693,129373
1-Apr-00,94,130958,29537,101421
1-Apr-00,95,98095,21097,76998
1-Apr-00,96,72680,14704,57976
1-Apr-00,97,52844,10308,42536
1-Apr-00,98,36003,6804,29199
1-Apr-00,99,27162,5202,21960
1-Apr-00,100+,50454,10057,40397